92
0 621
0 848
1 39
1 937
3 750
2 544
4 676
6 809
1 317
0 231
10 56
7 136
1 186
13 876
11 924
5 482
14 1
0 431
9 290
6 947
20 446
3 777
5 104
0 855
19 335
8 599
26 873
17 555
15 303
9 916
19 828
12 474
4 78
1 866
13 623
7 110
15 5
21 540
21 174
33 880
0 831
25 601
23 563
43 816
21 937
45 795
2 832
19 295
18 875
9 980
34 675
44 916
50 30
24 140
47 201
2 414
28 849
11 437
8 521
11 628
21 335
57 277
2 745
3 779
13 83
13 820
27 550
30 789
36 542
7 133
2 298
33 124
31 912
61 557
33 163
39 945
32 661
15 368
43 145
57 375
14 608
11 336
43 281
3 440
16 51
19 563
28 470
37 846
2 597
53 868
20 641
