94
0 1
1 2
0 3
1 4
1 5
5 6
2 7
7 8
7 9
2 10
9 11
8 12
0 13
0 14
8 15
5 16
3 17
3 18
13 19
10 20
17 21
19 22
14 23
15 24
23 25
22 26
20 27
23 28
14 29
18 30
24 31
7 32
31 33
25 34
0 35
32 36
15 37
8 38
30 39
28 40
31 41
37 42
26 43
0 44
29 45
15 46
39 47
2 48
26 49
47 50
25 51
44 52
31 53
14 54
42 55
28 56
47 57
34 58
53 59
35 60
18 61
17 62
7 63
53 64
59 65
58 66
1 67
23 68
34 69
60 70
31 71
71 72
34 73
28 74
24 75
67 76
65 77
28 78
10 79
78 80
56 81
62 82
8 83
45 84
22 85
36 86
52 87
45 88
38 89
0 90
6 91
53 92
45 93
