87 100
32
83 76
74 1
83 7
63 38
30 13
17 10
78 29
34 83
67 13
11 3
63 40
59 73
28 52
1 17
69 39
21 25
26 58
65 0
30 22
27 42
44 52
81 37
33 35
40 28
23 5
45 51
29 86
43 10
19 57
2 36
61 81
52 15
15 80
7 30
64 37
2 35
72 21
48 75
8 10
15 1
44 31
22 53
55 65
28 57
6 74
68 30
37 59
52 25
56 44
81 60
0 33
47 75
63 72
74 8
2 71
15 2
47 46
25 29
86 15
3 45
67 84
56 63
2 17
61 22
82 50
75 47
35 82
59 35
36 3
74 46
40 38
76 81
23 1
16 6
51 14
11 11
67 31
48 67
81 61
24 14
61 76
63 4
32 1
4 27
65 68
19 78
64 19
12 8
15 79
6 20
24 58
3 9
77 4
57 43
58 63
45 81
77 32
34 21
41 22
3 30
