83 400
10
7 11
72 52
37 33
68 43
56 74
72 22
43 62
40 76
9 45
75 15
71 13
26 65
72 46
61 81
11 45
56 71
44 21
54 45
9 1
75 42
65 65
47 67
61 28
73 4
20 73
6 69
51 8
57 32
33 44
6 36
27 44
68 63
28 71
72 43
2 37
22 68
52 70
15 69
74 33
23 9
78 14
25 29
64 49
10 0
39 14
61 17
0 66
58 47
10 31
69 50
35 12
3 11
1 8
41 18
27 75
6 65
14 25
75 34
34 79
13 2
22 76
63 75
42 25
57 38
8 52
67 46
60 44
55 70
6 61
53 13
81 36
62 62
14 16
12 54
59 51
45 28
20 2
27 25
66 62
34 4
53 74
38 22
9 31
9 10
27 18
55 66
48 25
41 37
11 65
37 56
2 73
75 2
27 25
8 23
30 13
7 42
67 1
35 46
59 77
15 47
30 3
32 73
27 82
64 73
50 41
32 21
23 55
80 27
50 50
66 5
51 81
2 74
37 35
32 40
4 16
20 51
41 35
37 52
45 72
30 18
40 15
70 65
10 66
34 71
76 63
64 20
11 47
3 66
23 51
68 38
6 28
66 8
63 48
40 20
41 28
44 73
56 1
68 34
22 69
49 22
45 19
69 31
17 60
28 72
31 44
75 16
27 37
5 61
1 10
39 45
39 45
50 3
37 15
1 35
60 63
2 53
1 25
2 71
64 22
66 34
53 12
52 58
36 81
8 58
23 40
2 47
53 62
77 52
7 8
74 81
52 70
13 76
67 56
78 15
49 51
63 64
42 20
21 36
11 78
38 29
80 37
20 41
10 53
64 14
16 18
5 55
51 68
44 18
37 36
4 43
24 6
29 71
27 67
65 50
0 38
78 21
62 0
53 15
33 72
7 35
10 49
37 16
34 62
18 81
41 74
81 25
16 69
53 27
81 43
1 38
59 81
1 80
12 38
31 54
9 48
14 41
57 20
2 54
56 12
3 20
48 17
3 1
32 65
25 59
15 30
28 30
27 74
33 32
3 42
8 67
25 16
36 25
80 3
15 38
61 53
73 21
23 26
8 77
53 55
2 37
67 71
63 33
68 14
56 16
0 71
7 67
13 28
34 46
4 10
66 49
71 65
12 56
53 14
72 23
60 27
15 77
30 47
64 81
14 15
6 41
25 17
49 14
60 38
51 0
53 65
50 37
11 44
58 62
3 67
11 47
44 66
31 27
25 74
6 15
56 43
60 12
29 82
40 26
27 7
75 9
49 80
41 42
25 60
48 19
69 28
14 59
3 30
24 48
64 32
75 30
45 37
36 52
82 78
5 80
9 29
29 80
42 58
39 70
9 67
15 4
63 78
28 30
78 70
22 52
2 59
14 14
69 50
48 53
50 71
17 53
53 62
38 46
36 16
0 77
1 45
43 19
49 64
54 71
43 47
24 76
10 48
19 41
14 80
68 67
38 68
47 6
52 11
27 2
82 6
54 31
50 0
68 15
6 19
66 42
36 53
18 10
54 46
46 37
25 69
54 35
41 66
77 21
27 13
19 22
56 26
30 74
9 26
45 18
60 15
71 31
45 16
66 7
47 16
5 29
67 75
58 62
1 28
42 53
78 28
54 64
58 51
77 4
22 67
3 42
76 3
19 74
1 38
58 2
35 52
44 63
43 22
51 20
76 47
75 13
77 74
42 49
54 56
43 39
1 79
82 46
41 77
36 22
24 45
14 11
77 62
2 62
2 40
4 53
69 78
69 79
46 66
39 31
73 20
19 0
49 74
71 22
44 10
56 24
35 71
51 73
