965 91
2 47 95 99 87 37 93 60 59 51 91 50 30 7 4 57 8 46 74 2 62 11 59 39 94 20 53 55 23 40 66 77 39 61 77 78 50 70 38 9 74 81 12 56 89 68 13 49 14 39 51 29 50 62 20 97 82 25 4 5 18 70 83 57 31 12 88 33 82 26 43 8 60 7 65 49 75 78 50 41 70 1 70 72 15 43 69 97 68 73 54 86 95 89 96 78 1 36 12 36 62 7 44 74 14 9 23 41 40 73 34 62 26 57 34 93 0 56 90 20 81 97 59 77 38 55 55 40 91 67 28 5 74 24 32 40 34 55 33 26 81 68 88 59 25 22 53 77 30 95 97 12 44 56 89 83 63 44 75 6 64 3 64 90 27 96 31 13 3 16 91 36 84 79 48 61 54 53 38 84 0 36 96 45 44 37 80 8 34 55 14 98 10 78 88 89 26 71 3 30 88 46 66 24 26 14 86 32 19 76 68 20 12 65 65 57 54 45 17 88 52 31 86 62 62 27 51 88 98 6 70 38 53 37 63 31 3 1 15 23 77 83 43 42 0 60 51 55 57 68 43 9 51 82 71 13 9 74 54 59 33 24 50 38 13 65 21 69 18 36 44 95 19 39 89 72 99 40 27 56 60 22 17 12 4 40 77 65 14 31 77 99 8 79 37 21 44 58 90 62 94 34 9 66 25 99 38 24 91 17 32 52 39 49 64 96 89 41 13 56 25 90 55 33 69 93 6 65 3 49 27 98 35 89 16 61 88 54 85 31 71 70 83 62 19 99 58 61 93 72 17 70 14 24 3 84 69 61 1 73 10 29 71 46 70 39 7 10 93 44 41 16 66 77 78 86 76 89 99 21 61 68 91 75 92 46 11 62 8 13 87 70 94 58 16 16 49 75 26 42 72 67 10 38 44 88 76 73 77 27 94 90 95 86 18 40 84 29 54 92 94 41 63 40 51 31 56 0 59 82 94 83 2 4 73 98 92 50 71 22 77 18 64 25 56 82 17 40 64 71 33 10 12 48 51 15 31 59 15 42 94 9 77 96 13 51 94 57 1 18 31 30 36 96 7 92 78 24 32 42 47 17 53 59 17 56 74 1 15 41 95 9 50 73 57 15 24 4 73 77 22 4 59 10 0 67 2 31 43 86 25 91 56 78 2 73 86 29 26 54 70 22 63 73 95 73 88 19 77 61 48 51 18 7 61 70 26 63 1 70 1 27 13 57 57 15 31 96 96 57 50 67 31 65 40 26 38 28 97 67 42 45 18 12 5 79 82 31 42 36 53 44 15 18 53 24 86 84 20 82 94 22 49 25 88 41 4 78 22 1 46 16 99 16 28 56 96 10 87 90 98 93 86 13 11 40 90 49 76 62 32 22 85 33 0 73 75 4 3 49 57 1 65 8 18 93 64 14 55 52 4 6 97 43 71 60 83 61 10 11 24 42 34 9 27 34 34 54 38 89 3 47 91 20 56 9 13 20 23 21 24 79 27 21 74 98 34 9 12 44 21 88 38 55 49 17 89 35 72 79 24 75 26 15 96 82 76 61 3 99 34 79 31 61 1 57 12 87 67 76 83 88 64 21 43 13 90 84 48 62 63 72 90 41 40 38 24 16 51 79 68 86 58 51 99 11 8 63 50 75 39 33 63 55 6 58 68 97 42 68 59 57 93 49 99 33 39 75 1 91 6 69 77 16 20 76 80 81 40 30 8 31 64 72 87 70 82 7 67 77 76 79 86 69 80 85 54 20 12 55 11 70 25 88 87 97 16 67 78 8 49 87 40 13 11 79 36 45 86 55 22 62 34 9 31 15 46 37 87 11 93 98 81 18 38 20 67 6 39 98 15 89 37 7 54 0 86 90 45 72 46 20 87 32 81 70 99 79 8 86 42 1 84 76 71 74 96 38 81 36 88 48 77 25 55 83 77 93 74 75 17 72 95 4 56 28 75 56 59 83 42 2 36 79 78 7 53 74 97 34 62 38 34 91 15 89 75 93 34 1 68 52 25 15 56 81 43 83 89 2 18 32 56 6 11 34 13 16 61 63 51 75 1 85 67 16 27 42 61 61 95 29 65 20 96 22 53 91 57 43 46 28 75 2 34 38 37 48 54 50 63 57 25 16 95 92 84 74 86 46 35 81 27 53 53 24 27 7 15 84 50 61 12 77 16
9748 18016 5554 12748 8322 13004 5463 7380 5181 13079 5727 18674 2363 19501 13612 5561 4488 14794 1389 2141 12999 13 17468 7106 10980 19505 15808 994 15369 15885 4110 1468 10252 6015 14215 18574 15370 16029 2305 550 9107 4383 15575 7822 3883 9187 13382 8370 332 14770 6863 13330 11134 682 436 2114 186 12595 19459 15555 8480 3568 17022 15083 9582 7589 10008 4951 3617 8664 1852 9076 13046 17427 13249 16928 6613 6630 1650 6944 17752 4864 16625 5237 5545 13412 7350 2083 6007 3160 13989
1 2 3
2 4 5
3 6 7
4 8 9
5 10 11
6 12 13
7 14 15
8 16 17
9 18 19
10 20 21
11 22 23
12 24 25
13 26 27
14 28 29
15 30 31
16 32 33
17 34 35
18 36 37
19 38 39
20 40 41
21 42 43
22 44 45
23 46 47
24 48 49
25 50 51
26 52 53
27 54 55
28 56 57
29 58 59
30 60 61
31 62 63
32 64 65
33 66 67
34 68 69
35 70 71
36 72 73
37 74 75
38 76 77
39 78 79
40 80 81
41 82 83
42 84 85
43 86 87
44 88 89
45 90 91
46 92 93
47 94 95
48 96 97
49 98 99
50 100 101
51 102 103
52 104 105
53 106 107
54 108 109
55 110 111
56 112 113
57 114 115
58 116 117
59 118 119
60 120 121
61 122 123
62 124 125
63 126 127
64 128 129
65 130 131
66 132 133
67 134 135
68 136 137
69 138 139
70 140 141
71 142 143
72 144 145
73 146 147
74 148 149
75 150 151
76 152 153
77 154 155
78 156 157
79 158 159
80 160 161
81 162 163
82 164 165
83 166 167
84 168 169
85 170 171
86 172 173
87 174 175
88 176 177
89 178 179
90 180 181
91 182 183
92 184 185
93 186 187
94 188 189
95 190 191
96 192 193
97 194 195
98 196 197
99 198 199
100 200 201
101 202 203
102 204 205
103 206 207
104 208 209
105 210 211
106 212 213
107 214 215
108 216 217
109 218 219
110 220 221
111 222 223
112 224 225
113 226 227
114 228 229
115 230 231
116 232 233
117 234 235
118 236 237
119 238 239
120 240 241
121 242 243
122 244 245
123 246 247
124 248 249
125 250 251
126 252 253
127 254 255
128 256 257
129 258 259
130 260 261
131 262 263
132 264 265
133 266 267
134 268 269
135 270 271
136 272 273
137 274 275
138 276 277
139 278 279
140 280 281
141 282 283
142 284 285
143 286 287
144 288 289
145 290 291
146 292 293
147 294 295
148 296 297
149 298 299
150 300 301
151 302 303
152 304 305
153 306 307
154 308 309
155 310 311
156 312 313
157 314 315
158 316 317
159 318 319
160 320 321
161 322 323
162 324 325
163 326 327
164 328 329
165 330 331
166 332 333
167 334 335
168 336 337
169 338 339
170 340 341
171 342 343
172 344 345
173 346 347
174 348 349
175 350 351
176 352 353
177 354 355
178 356 357
179 358 359
180 360 361
181 362 363
182 364 365
183 366 367
184 368 369
185 370 371
186 372 373
187 374 375
188 376 377
189 378 379
190 380 381
191 382 383
192 384 385
193 386 387
194 388 389
195 390 391
196 392 393
197 394 395
198 396 397
199 398 399
200 400 401
201 402 403
202 404 405
203 406 407
204 408 409
205 410 411
206 412 413
207 414 415
208 416 417
209 418 419
210 420 421
211 422 423
212 424 425
213 426 427
214 428 429
215 430 431
216 432 433
217 434 435
218 436 437
219 438 439
220 440 441
221 442 443
222 444 445
223 446 447
224 448 449
225 450 451
226 452 453
227 454 455
228 456 457
229 458 459
230 460 461
231 462 463
232 464 465
233 466 467
234 468 469
235 470 471
236 472 473
237 474 475
238 476 477
239 478 479
240 480 481
241 482 483
242 484 485
243 486 487
244 488 489
245 490 491
246 492 493
247 494 495
248 496 497
249 498 499
250 500 501
251 502 503
252 504 505
253 506 507
254 508 509
255 510 511
256 512 513
257 514 515
258 516 517
259 518 519
260 520 521
261 522 523
262 524 525
263 526 527
264 528 529
265 530 531
266 532 533
267 534 535
268 536 537
269 538 539
270 540 541
271 542 543
272 544 545
273 546 547
274 548 549
275 550 551
276 552 553
277 554 555
278 556 557
279 558 559
280 560 561
281 562 563
282 564 565
283 566 567
284 568 569
285 570 571
286 572 573
287 574 575
288 576 577
289 578 579
290 580 581
291 582 583
292 584 585
293 586 587
294 588 589
295 590 591
296 592 593
297 594 595
298 596 597
299 598 599
300 600 601
301 602 603
302 604 605
303 606 607
304 608 609
305 610 611
306 612 613
307 614 615
308 616 617
309 618 619
310 620 621
311 622 623
312 624 625
313 626 627
314 628 629
315 630 631
316 632 633
317 634 635
318 636 637
319 638 639
320 640 641
321 642 643
322 644 645
323 646 647
324 648 649
325 650 651
326 652 653
327 654 655
328 656 657
329 658 659
330 660 661
331 662 663
332 664 665
333 666 667
334 668 669
335 670 671
336 672 673
337 674 675
338 676 677
339 678 679
340 680 681
341 682 683
342 684 685
343 686 687
344 688 689
345 690 691
346 692 693
347 694 695
348 696 697
349 698 699
350 700 701
351 702 703
352 704 705
353 706 707
354 708 709
355 710 711
356 712 713
357 714 715
358 716 717
359 718 719
360 720 721
361 722 723
362 724 725
363 726 727
364 728 729
365 730 731
366 732 733
367 734 735
368 736 737
369 738 739
370 740 741
371 742 743
372 744 745
373 746 747
374 748 749
375 750 751
376 752 753
377 754 755
378 756 757
379 758 759
380 760 761
381 762 763
382 764 765
383 766 767
384 768 769
385 770 771
386 772 773
387 774 775
388 776 777
389 778 779
390 780 781
391 782 783
392 784 785
393 786 787
394 788 789
395 790 791
396 792 793
397 794 795
398 796 797
399 798 799
400 800 801
401 802 803
402 804 805
403 806 807
404 808 809
405 810 811
406 812 813
407 814 815
408 816 817
409 818 819
410 820 821
411 822 823
412 824 825
413 826 827
414 828 829
415 830 831
416 832 833
417 834 835
418 836 837
419 838 839
420 840 841
421 842 843
422 844 845
423 846 847
424 848 849
425 850 851
426 852 853
427 854 855
428 856 857
429 858 859
430 860 861
431 862 863
432 864 865
433 866 867
434 868 869
435 870 871
436 872 873
437 874 875
438 876 877
439 878 879
440 880 881
441 882 883
442 884 885
443 886 887
444 888 889
445 890 891
446 892 893
447 894 895
448 896 897
449 898 899
450 900 901
451 902 903
452 904 905
453 906 907
454 908 909
455 910 911
456 912 913
457 914 915
458 916 917
459 918 919
460 920 921
461 922 923
462 924 925
463 926 927
464 928 929
465 930 931
466 932 933
467 934 935
468 936 937
469 938 939
470 940 941
471 942 943
472 944 945
473 946 947
474 948 949
475 950 951
476 952 953
477 954 955
478 956 957
479 958 959
480 960 961
481 962 963
482 964 965
483 966 967
484 968 969
485 970 971
486 972 973
487 974 975
488 976 977
489 978 979
490 980 981
491 982 983
492 984 985
493 986 987
494 988 989
495 990 991
496 992 993
497 994 995
498 996 997
499 998 999
500 1000 1001
501 1002 1003
502 1004 1005
503 1006 1007
504 1008 1009
505 1010 1011
506 1012 1013
507 1014 1015
508 1016 1017
509 1018 1019
510 1020 1021
511 1022 1023
512 1024 1025
513 1026 1027
514 1028 1029
515 1030 1031
516 1032 1033
517 1034 1035
518 1036 1037
519 1038 1039
520 1040 1041
521 1042 1043
522 1044 1045
523 1046 1047
524 1048 1049
525 1050 1051
526 1052 1053
527 1054 1055
528 1056 1057
529 1058 1059
530 1060 1061
531 1062 1063
532 1064 1065
533 1066 1067
534 1068 1069
535 1070 1071
536 1072 1073
537 1074 1075
538 1076 1077
539 1078 1079
540 1080 1081
541 1082 1083
542 1084 1085
543 1086 1087
544 1088 1089
545 1090 1091
546 1092 1093
547 1094 1095
548 1096 1097
549 1098 1099
550 1100 1101
551 1102 1103
552 1104 1105
553 1106 1107
554 1108 1109
555 1110 1111
556 1112 1113
557 1114 1115
558 1116 1117
559 1118 1119
560 1120 1121
561 1122 1123
562 1124 1125
563 1126 1127
564 1128 1129
565 1130 1131
566 1132 1133
567 1134 1135
568 1136 1137
569 1138 1139
570 1140 1141
571 1142 1143
572 1144 1145
573 1146 1147
574 1148 1149
575 1150 1151
576 1152 1153
577 1154 1155
578 1156 1157
579 1158 1159
580 1160 1161
581 1162 1163
582 1164 1165
583 1166 1167
584 1168 1169
585 1170 1171
586 1172 1173
587 1174 1175
588 1176 1177
589 1178 1179
590 1180 1181
591 1182 1183
592 1184 1185
593 1186 1187
594 1188 1189
595 1190 1191
596 1192 1193
597 1194 1195
598 1196 1197
599 1198 1199
600 1200 1201
601 1202 1203
602 1204 1205
603 1206 1207
604 1208 1209
605 1210 1211
606 1212 1213
607 1214 1215
608 1216 1217
609 1218 1219
610 1220 1221
611 1222 1223
612 1224 1225
613 1226 1227
614 1228 1229
615 1230 1231
616 1232 1233
617 1234 1235
618 1236 1237
619 1238 1239
620 1240 1241
621 1242 1243
622 1244 1245
623 1246 1247
624 1248 1249
625 1250 1251
626 1252 1253
627 1254 1255
628 1256 1257
629 1258 1259
630 1260 1261
631 1262 1263
632 1264 1265
633 1266 1267
634 1268 1269
635 1270 1271
636 1272 1273
637 1274 1275
638 1276 1277
639 1278 1279
640 1280 1281
641 1282 1283
642 1284 1285
643 1286 1287
644 1288 1289
645 1290 1291
646 1292 1293
647 1294 1295
648 1296 1297
649 1298 1299
650 1300 1301
651 1302 1303
652 1304 1305
653 1306 1307
654 1308 1309
655 1310 1311
656 1312 1313
657 1314 1315
658 1316 1317
659 1318 1319
660 1320 1321
661 1322 1323
662 1324 1325
663 1326 1327
664 1328 1329
665 1330 1331
666 1332 1333
667 1334 1335
668 1336 1337
669 1338 1339
670 1340 1341
671 1342 1343
672 1344 1345
673 1346 1347
674 1348 1349
675 1350 1351
676 1352 1353
677 1354 1355
678 1356 1357
679 1358 1359
680 1360 1361
681 1362 1363
682 1364 1365
683 1366 1367
684 1368 1369
685 1370 1371
686 1372 1373
687 1374 1375
688 1376 1377
689 1378 1379
690 1380 1381
691 1382 1383
692 1384 1385
693 1386 1387
694 1388 1389
695 1390 1391
696 1392 1393
697 1394 1395
698 1396 1397
699 1398 1399
700 1400 1401
701 1402 1403
702 1404 1405
703 1406 1407
704 1408 1409
705 1410 1411
706 1412 1413
707 1414 1415
708 1416 1417
709 1418 1419
710 1420 1421
711 1422 1423
712 1424 1425
713 1426 1427
714 1428 1429
715 1430 1431
716 1432 1433
717 1434 1435
718 1436 1437
719 1438 1439
720 1440 1441
721 1442 1443
722 1444 1445
723 1446 1447
724 1448 1449
725 1450 1451
726 1452 1453
727 1454 1455
728 1456 1457
729 1458 1459
730 1460 1461
731 1462 1463
732 1464 1465
733 1466 1467
734 1468 1469
735 1470 1471
736 1472 1473
737 1474 1475
738 1476 1477
739 1478 1479
740 1480 1481
741 1482 1483
742 1484 1485
743 1486 1487
744 1488 1489
745 1490 1491
746 1492 1493
747 1494 1495
748 1496 1497
749 1498 1499
750 1500 1501
751 1502 1503
752 1504 1505
753 1506 1507
754 1508 1509
755 1510 1511
756 1512 1513
757 1514 1515
758 1516 1517
759 1518 1519
760 1520 1521
761 1522 1523
762 1524 1525
763 1526 1527
764 1528 1529
765 1530 1531
766 1532 1533
767 1534 1535
768 1536 1537
769 1538 1539
770 1540 1541
771 1542 1543
772 1544 1545
773 1546 1547
774 1548 1549
775 1550 1551
776 1552 1553
777 1554 1555
778 1556 1557
779 1558 1559
780 1560 1561
781 1562 1563
782 1564 1565
783 1566 1567
784 1568 1569
785 1570 1571
786 1572 1573
787 1574 1575
788 1576 1577
789 1578 1579
790 1580 1581
791 1582 1583
792 1584 1585
793 1586 1587
794 1588 1589
795 1590 1591
796 1592 1593
797 1594 1595
798 1596 1597
799 1598 1599
800 1600 1601
801 1602 1603
802 1604 1605
803 1606 1607
804 1608 1609
805 1610 1611
806 1612 1613
807 1614 1615
808 1616 1617
809 1618 1619
810 1620 1621
811 1622 1623
812 1624 1625
813 1626 1627
814 1628 1629
815 1630 1631
816 1632 1633
817 1634 1635
818 1636 1637
819 1638 1639
820 1640 1641
821 1642 1643
822 1644 1645
823 1646 1647
824 1648 1649
825 1650 1651
826 1652 1653
827 1654 1655
828 1656 1657
829 1658 1659
830 1660 1661
831 1662 1663
832 1664 1665
833 1666 1667
834 1668 1669
835 1670 1671
836 1672 1673
837 1674 1675
838 1676 1677
839 1678 1679
840 1680 1681
841 1682 1683
842 1684 1685
843 1686 1687
844 1688 1689
845 1690 1691
846 1692 1693
847 1694 1695
848 1696 1697
849 1698 1699
850 1700 1701
851 1702 1703
852 1704 1705
853 1706 1707
854 1708 1709
855 1710 1711
856 1712 1713
857 1714 1715
858 1716 1717
859 1718 1719
860 1720 1721
861 1722 1723
862 1724 1725
863 1726 1727
864 1728 1729
865 1730 1731
866 1732 1733
867 1734 1735
868 1736 1737
869 1738 1739
870 1740 1741
871 1742 1743
872 1744 1745
873 1746 1747
874 1748 1749
875 1750 1751
876 1752 1753
877 1754 1755
878 1756 1757
879 1758 1759
880 1760 1761
881 1762 1763
882 1764 1765
883 1766 1767
884 1768 1769
885 1770 1771
886 1772 1773
887 1774 1775
888 1776 1777
889 1778 1779
890 1780 1781
891 1782 1783
892 1784 1785
893 1786 1787
894 1788 1789
895 1790 1791
896 1792 1793
897 1794 1795
898 1796 1797
899 1798 1799
900 1800 1801
901 1802 1803
902 1804 1805
903 1806 1807
904 1808 1809
905 1810 1811
906 1812 1813
907 1814 1815
908 1816 1817
909 1818 1819
910 1820 1821
911 1822 1823
912 1824 1825
913 1826 1827
914 1828 1829
915 1830 1831
916 1832 1833
917 1834 1835
918 1836 1837
919 1838 1839
920 1840 1841
921 1842 1843
922 1844 1845
923 1846 1847
924 1848 1849
925 1850 1851
926 1852 1853
927 1854 1855
928 1856 1857
929 1858 1859
930 1860 1861
931 1862 1863
932 1864 1865
933 1866 1867
934 1868 1869
935 1870 1871
936 1872 1873
937 1874 1875
938 1876 1877
939 1878 1879
940 1880 1881
941 1882 1883
942 1884 1885
943 1886 1887
944 1888 1889
945 1890 1891
946 1892 1893
947 1894 1895
948 1896 1897
949 1898 1899
950 1900 1901
951 1902 1903
952 1904 1905
953 1906 1907
954 1908 1909
955 1910 1911
956 1912 1913
957 1914 1915
958 1916 1917
959 1918 1919
960 1920 1921
961 1922 1923
962 1924 1925
963 1926 1927
964 1928 1929
