95
0 403
1 796
1 288
1 94
0 360
3 492
1 31
7 905
4 509
6 775
4 363
7 760
12 895
6 154
10 124
8 767
11 740
9 278
12 951
10 139
3 275
15 513
0 390
8 514
24 515
15 352
10 651
26 821
15 283
5 5
0 119
26 284
2 332
4 589
33 283
34 944
6 61
7 566
16 576
38 51
15 71
19 671
4 216
31 970
22 169
3 255
21 96
9 497
19 802
36 413
36 163
11 345
49 515
25 24
16 341
41 235
56 827
1 835
20 101
36 891
2 482
37 260
47 739
51 356
50 192
59 329
34 475
28 633
60 935
55 134
17 82
48 389
45 626
70 654
52 731
75 698
30 745
38 790
40 64
24 376
79 265
9 665
71 728
4 432
53 304
30 992
24 285
59 349
15 955
43 339
0 601
76 897
53 345
75 181
