98 200
60
91 81
43 6
75 24
85 25
86 4
79 69
72 36
76 10
44 76
1 20
92 18
22 60
64 91
70 46
62 66
50 86
92 12
36 93
74 69
30 77
48 62
55 11
21 22
54 33
9 65
40 55
18 57
51 62
64 38
6 23
11 28
40 12
7 59
31 33
12 37
56 17
82 61
39 13
2 5
26 94
7 11
24 66
84 79
19 75
54 50
35 80
48 21
81 31
64 56
49 68
85 77
94 7
20 69
30 35
85 22
87 12
35 93
30 14
45 75
28 50
86 56
77 19
50 36
48 16
84 17
50 54
61 27
52 46
37 82
60 82
95 79
30 6
74 32
9 60
66 75
33 91
66 54
47 67
83 19
90 51
7 26
53 96
44 69
9 8
46 37
18 25
31 97
31 48
11 61
39 95
44 77
88 72
41 13
86 37
88 81
63 34
32 52
23 18
80 76
15 86
13 83
82 88
38 1
62 70
23 49
29 3
32 67
36 19
12 29
66 78
14 2
54 31
6 2
34 33
21 86
27 6
94 89
90 12
82 34
84 10
14 61
84 69
44 2
31 23
57 56
14 0
31 72
30 25
58 91
36 65
71 36
81 63
31 67
57 73
83 15
32 97
68 53
55 19
96 14
26 43
97 55
83 41
66 84
78 16
81 80
72 16
79 10
33 55
30 13
82 90
90 70
79 71
90 60
31 37
36 88
45 57
0 35
21 31
3 22
5 55
71 40
50 77
89 9
76 83
75 21
47 16
87 23
40 29
22 79
25 71
84 58
49 27
58 41
63 70
82 17
57 24
58 55
20 9
48 49
26 52
69 79
5 74
59 14
50 45
18 81
41 75
4 58
1 46
72 18
35 65
45 56
68 48
57 5
10 88
97 61
43 37
67 24
38 48
93 28
65 88
