106 167 100
1 1 1 1 0 0 1 0 1 1 1 0 0 1 1 0 0 0 1 0 1 0 0 1 1 0 0 0 1 1 1 0 0 0 1 1 0 0 1 1 1 0 0 0 0 0 0 0 0 1 1 1 0 1 0 1 1 0 1 1 0 1 1 1 1 1 1 0 1 1 1 1 1 0 0 1 1 1 1 1 0 1 0 1 0 0 1 0 1 1 1 1 0 1 0 1 1 1 1 1 0 1 1 1 1 0 1 0 1 1 1 1 1 1 0 0 1 0 0 0 1 1 1 1 0 1 1 1 1 0 1 0 0 0 0 1 1 0 1 0 0 1 1 1 0 0 1 1 0 1 0 0 1 1 1 1 1 1 1 1 1 0 1 1 1 1 1
1 1 0 0 0 1 1 1 1 1 1 0 1 0 0 1 0 0 1 1 1 1 1 0 1 1 1 0 1 0 1 1 0 1 1 0 1 0 1 0 1 1 0 1 1 1 1 1 1 1 1 1 1 0 1 1 0 0 1 1 1 0 0 1 0 1 1 1 1 1 1 1 1 0 0 1 1 1 0 0 1 1 1 1 1 0 1 0 1 1 0 0 1 0 1 1 1 0 1 1 1 1 0 0 0 0 1 1 1 1 1 0 1 1 1 1 1 0 1 1 1 1 1 0 1 1 1 1 0 0 0 1 0 0 1 0 0 0 1 0 1 0 0 0 0 1 0 1 0 1 1 1 1 0 0 1 0 1 1 0 0 0 0 0 1 1 0
0 0 1 0 1 0 0 1 1 1 0 1 1 0 1 1 1 1 1 0 1 0 0 1 1 1 0 0 1 0 1 1 0 1 1 1 0 0 1 1 1 1 0 1 1 1 0 0 1 1 0 0 0 0 0 0 1 0 1 1 0 0 1 0 1 1 0 1 1 1 0 0 0 0 1 1 0 0 1 1 1 1 1 1 1 0 0 1 0 1 0 1 1 1 1 0 0 1 0 1 1 1 1 0 1 1 1 1 1 0 0 1 1 0 0 1 0 0 1 0 0 0 1 1 1 1 0 1 1 0 0 1 0 1 0 1 0 1 1 1 0 1 0 1 1 0 0 0 1 0 0 1 0 1 1 0 1 1 1 0 1 1 1 1 1 1 1
1 1 1 0 1 1 0 0 1 1 1 1 0 1 1 1 1 0 0 1 1 1 1 1 0 0 1 1 1 0 0 1 0 1 1 1 1 0 1 0 1 1 1 1 0 1 1 1 0 1 1 1 0 0 1 0 0 0 1 0 1 1 1 0 1 0 1 0 1 1 0 1 1 1 1 1 0 0 1 1 1 1 1 1 1 0 1 1 0 0 1 1 1 0 0 0 1 1 0 0 1 1 1 0 1 0 1 1 1 1 0 1 0 1 0 1 1 1 0 1 0 1 1 1 0 1 1 1 0 1 1 1 1 0 1 0 1 1 1 0 0 1 0 0 1 1 1 1 0 1 1 0 1 1 1 0 1 1 1 1 0 0 0 0 1 1 0
1 1 1 1 1 1 1 0 1 1 1 0 1 1 1 1 1 1 1 1 0 0 1 1 0 1 0 0 0 1 0 1 0 1 0 1 1 1 0 0 0 1 1 1 1 1 1 0 0 0 1 0 0 1 0 1 1 0 1 1 0 0 0 0 1 0 0 0 1 0 0 1 1 1 0 0 0 1 1 0 0 0 1 1 0 1 1 1 1 1 0 1 1 0 1 1 0 0 1 1 0 1 0 1 1 0 0 1 1 1 1 0 1 1 1 1 1 0 0 0 0 0 1 1 1 1 0 1 1 1 0 1 1 0 1 0 0 1 1 0 1 0 0 0 0 1 1 1 1 0 1 1 1 1 1 1 1 0 1 0 0 1 0 1 1 1 1
1 1 0 1 0 0 1 1 0 0 0 0 0 1 1 1 1 0 1 1 1 1 0 1 1 1 0 0 0 1 1 1 1 0 0 1 1 1 0 1 0 0 1 0 1 0 1 1 1 1 1 0 1 1 0 1 0 1 1 0 0 1 1 1 0 1 1 1 1 1 1 1 1 0 1 1 0 1 1 1 0 1 0 0 1 0 1 1 1 1 1 1 0 0 0 0 0 1 1 1 1 0 0 0 0 0 0 0 0 1 0 0 0 0 0 1 0 1 0 1 0 1 0 1 1 1 1 1 1 1 0 1 0 1 0 0 1 0 1 1 0 1 1 1 1 1 0 1 1 0 1 1 0 1 0 1 1 1 1 0 0 0 1 0 1 0 1
1 0 0 1 1 0 1 0 1 1 0 1 0 1 1 1 1 1 1 1 0 1 0 1 1 1 1 1 1 1 0 0 1 0 0 1 0 0 0 0 1 0 1 1 1 1 0 1 1 1 0 1 1 1 1 0 1 1 1 1 1 1 0 0 0 0 0 0 0 0 1 1 0 0 0 1 1 0 0 1 0 0 0 1 1 1 1 0 0 1 1 0 1 1 1 1 0 1 1 0 1 1 1 1 1 1 1 0 1 1 1 0 0 1 1 1 1 1 1 1 0 1 1 1 0 0 0 1 1 0 0 1 0 0 1 1 1 0 1 1 0 0 1 0 1 1 1 0 1 1 1 1 0 0 0 0 1 0 1 0 1 1 1 1 0 1 0
1 0 1 0 1 1 1 1 1 0 1 1 1 1 0 1 0 1 1 0 0 0 1 0 1 1 1 0 1 1 1 0 1 0 0 1 0 0 0 1 1 1 0 1 1 0 1 1 1 0 1 1 0 0 1 1 1 1 1 0 0 1 0 0 1 1 0 1 0 0 1 0 1 1 0 1 1 0 1 1 1 1 0 1 1 0 1 1 1 0 1 1 1 0 1 0 0 0 1 1 0 0 1 0 1 1 1 0 1 0 1 0 1 0 1 0 0 0 1 1 0 1 1 1 1 1 0 1 0 0 1 1 0 0 1 1 0 1 1 0 0 1 0 1 1 1 1 1 0 1 1 0 0 0 0 1 1 0 1 1 0 0 0 0 0 1 1
0 1 0 0 1 1 1 0 0 0 0 1 0 1 0 1 0 1 1 1 1 1 1 1 1 1 1 1 1 0 0 0 1 1 0 0 1 1 0 1 1 1 1 0 0 1 0 1 0 0 0 0 1 1 1 0 0 0 0 1 0 1 1 1 0 1 1 1 1 1 1 1 1 0 0 0 1 1 1 0 0 1 0 1 0 1 0 0 1 0 1 0 1 0 1 1 0 0 0 0 1 1 0 1 1 1 1 0 0 1 0 0 1 0 0 0 0 0 0 1 1 1 1 1 0 1 1 1 1 1 0 1 0 1 1 1 1 1 1 1 1 1 0 1 0 0 1 1 1 1 1 0 0 1 0 1 0 1 1 1 0 0 0 1 1 1 0
1 0 1 0 0 1 1 1 1 1 1 0 0 0 1 0 1 1 0 1 0 1 1 1 1 1 0 1 0 1 1 1 1 0 0 1 1 0 1 0 1 0 0 0 0 0 1 1 1 0 1 1 1 0 1 0 1 1 1 0 1 0 1 0 1 1 1 1 1 0 1 1 1 0 1 1 1 1 0 0 1 1 1 0 1 1 1 0 0 0 1 1 1 1 1 1 1 0 1 0 1 1 1 1 1 1 1 1 0 1 1 1 1 1 1 1 0 1 1 1 0 0 1 1 1 1 0 1 1 1 1 1 1 0 0 0 1 1 1 1 1 0 0 1 1 1 1 1 1 0 0 1 1 0 0 1 1 1 1 0 1 0 1 1 1 1 0
0 0 1 1 0 0 1 1 1 1 0 1 0 1 1 0 1 1 0 0 0 1 1 0 1 1 1 1 0 0 1 1 0 1 0 0 1 0 0 0 1 1 1 0 0 1 0 1 0 0 1 0 1 1 0 1 1 1 1 1 1 0 0 0 1 0 0 1 1 0 0 1 1 1 1 0 0 1 0 0 1 0 0 1 1 1 0 1 0 1 1 0 1 0 0 1 1 0 1 0 0 0 0 0 1 1 1 1 0 1 1 1 1 0 0 0 1 1 1 1 1 0 1 1 1 0 1 1 0 0 1 1 0 1 1 1 1 0 1 1 1 1 1 0 1 0 0 0 0 0 1 0 1 1 1 1 1 1 1 0 0 1 1 0 1 1 0
0 1 1 0 1 1 1 1 0 1 0 0 0 1 0 0 1 0 1 0 1 1 0 1 1 1 1 0 0 0 0 0 1 0 0 0 1 1 0 1 1 1 1 1 1 1 1 1 1 1 1 0 0 1 0 1 0 1 0 1 1 1 1 0 1 1 1 0 1 1 1 0 0 0 1 1 1 0 0 0 1 1 1 1 1 1 1 1 0 1 1 1 0 1 1 1 0 0 1 1 1 0 1 1 0 0 1 0 1 1 0 0 1 1 0 0 0 1 1 0 1 1 1 1 0 1 1 0 1 0 0 0 0 1 1 0 0 0 0 1 0 0 1 1 0 1 1 0 0 1 1 1 0 0 1 0 1 0 0 0 0 0 0 0 1 1 0
1 0 1 0 0 1 0 1 0 1 1 0 1 0 1 1 0 1 0 0 0 0 0 1 0 0 1 0 0 0 0 1 1 1 1 1 1 0 1 1 0 1 1 1 0 0 0 1 0 1 1 0 1 0 1 1 1 0 1 1 1 0 1 1 0 1 0 1 1 1 0 1 1 1 1 1 1 1 1 1 1 0 0 0 0 1 1 1 1 1 0 0 1 1 1 1 0 0 0 1 1 0 1 0 0 1 1 1 1 1 1 0 1 1 0 0 1 1 1 0 0 1 0 1 0 0 1 1 1 1 0 0 0 1 0 1 1 1 1 0 1 0 0 1 1 0 0 0 1 1 0 1 1 1 1 1 1 0 0 1 1 1 1 0 0 1 1
1 1 1 1 0 1 1 1 1 1 0 1 1 1 1 1 0 1 1 0 0 1 0 1 1 1 0 1 1 1 1 1 1 1 0 1 0 1 0 1 1 1 0 0 1 1 0 1 0 1 1 1 0 0 0 1 1 0 1 1 0 1 1 1 1 1 0 1 1 0 1 0 1 1 1 1 0 1 1 1 0 1 0 0 1 1 1 0 1 0 1 1 1 1 1 0 0 1 0 1 1 0 1 0 1 0 1 0 1 0 1 1 0 1 1 1 0 1 1 1 1 1 1 1 1 0 1 0 1 1 1 1 0 1 0 1 1 1 1 0 1 1 0 0 1 1 1 0 0 1 0 1 0 1 1 1 1 0 1 0 1 1 0 1 1 1 1
1 1 0 0 1 1 1 1 1 1 0 0 1 1 0 1 1 0 1 1 1 1 1 1 1 1 1 0 1 1 1 1 1 1 0 0 0 1 1 0 0 0 0 0 1 1 0 1 1 0 1 0 0 1 0 1 1 0 1 1 1 1 1 1 0 1 1 1 1 0 1 0 1 1 1 1 1 0 1 1 0 0 0 1 1 1 0 0 0 1 1 0 1 1 1 1 1 0 1 1 0 1 1 0 1 1 0 0 1 1 0 0 1 0 1 0 1 0 0 0 0 1 0 1 1 1 0 1 1 1 1 1 1 1 0 1 0 1 1 1 1 1 1 0 1 0 0 1 1 0 1 1 0 1 0 1 1 0 1 0 1 0 0 0 1 0 1
1 0 0 1 1 1 1 1 1 1 1 1 0 1 0 1 1 1 0 0 0 0 1 1 0 1 1 1 1 1 1 0 1 0 1 0 1 0 0 0 1 0 1 0 1 1 1 1 1 1 1 1 0 1 0 0 1 1 0 0 0 0 0 1 0 1 1 1 1 1 1 1 1 0 1 1 0 1 1 1 1 1 1 1 1 1 1 1 1 0 1 1 0 0 0 0 0 1 1 0 0 0 1 0 0 1 0 1 0 0 0 1 1 1 0 1 1 0 0 1 1 0 1 0 1 0 0 1 1 1 1 1 1 0 1 0 1 0 1 1 1 1 1 1 1 1 1 0 1 1 1 1 1 0 1 0 0 0 0 1 1 1 1 1 1 1 1
1 1 1 1 0 0 1 1 1 1 0 1 1 1 0 0 0 0 0 1 1 0 1 0 1 0 1 0 0 1 1 1 1 0 0 0 0 0 0 1 1 1 1 0 0 1 0 0 1 0 1 0 0 1 0 1 1 1 1 0 1 1 1 0 0 0 1 1 1 1 1 1 1 1 1 0 0 1 0 1 0 1 0 0 0 0 0 1 1 1 1 1 0 0 1 1 0 0 0 0 1 1 1 1 0 0 1 0 0 1 0 0 1 0 0 1 0 0 1 0 0 0 1 1 1 0 0 1 0 0 0 0 1 1 1 1 0 1 1 0 1 1 0 0 1 0 1 0 1 0 1 1 0 0 0 1 1 1 0 1 0 0 1 1 1 1 0
0 1 0 0 0 0 0 0 1 1 1 1 1 0 1 1 1 1 1 0 1 1 0 1 1 1 1 0 0 1 1 0 0 1 1 0 0 1 0 0 1 0 1 1 1 1 1 1 1 0 1 1 1 1 1 0 1 1 0 1 0 1 0 1 0 0 0 1 1 0 1 1 0 1 1 1 0 0 0 0 0 1 1 0 1 1 0 0 0 1 1 1 0 1 1 1 0 1 0 0 1 1 1 1 0 1 0 1 1 1 0 1 0 0 1 0 1 1 0 1 0 1 1 0 1 0 1 1 1 0 1 1 1 0 1 1 1 0 1 0 1 0 1 0 0 1 1 0 0 0 1 0 1 0 0 0 0 0 1 0 0 1 1 0 1 1 0
0 1 1 0 0 1 1 0 0 0 1 0 0 1 1 0 1 1 0 1 1 1 1 1 1 0 1 1 1 0 1 1 1 1 1 0 1 0 0 1 0 1 1 1 1 1 1 0 0 1 0 1 1 1 1 0 0 0 1 1 1 1 0 0 0 1 0 0 0 1 1 0 1 1 1 1 1 0 1 0 0 1 1 1 0 1 1 0 1 1 1 0 0 1 0 0 1 0 0 1 0 0 0 1 1 1 0 1 1 1 1 1 0 1 1 1 0 0 1 1 1 0 1 1 0 0 1 1 0 0 1 0 0 0 1 1 1 1 1 0 1 1 0 1 0 1 1 0 1 1 1 0 1 1 0 0 1 1 1 1 1 0 1 1 1 1 1
0 0 0 1 1 1 1 0 0 0 1 0 1 1 1 0 1 1 0 1 1 0 0 1 1 1 0 1 1 1 1 1 1 1 0 1 1 1 1 1 0 1 1 1 1 0 1 0 1 0 1 1 0 1 1 0 1 1 0 1 0 1 1 0 0 1 0 1 1 1 0 1 0 1 0 1 0 0 0 1 0 1 0 1 1 1 1 0 1 1 1 0 0 0 1 1 1 0 0 0 0 0 1 0 1 0 1 1 0 1 0 0 1 1 1 1 0 1 1 1 0 0 1 0 0 1 1 1 1 1 0 1 1 1 1 0 0 1 1 1 1 0 1 1 1 1 1 1 0 0 1 0 1 1 0 1 1 1 1 0 1 0 0 0 1 0 1
0 1 0 1 1 1 0 0 1 1 1 1 0 0 1 0 1 0 1 0 1 0 1 1 1 1 1 0 1 1 1 1 1 1 0 1 0 0 0 0 0 1 1 0 0 0 0 1 1 1 1 1 1 0 1 1 0 0 1 1 0 0 0 0 0 0 1 0 1 1 1 1 1 0 1 0 1 1 1 0 1 1 1 0 1 0 1 1 1 1 0 1 1 0 1 1 0 1 1 1 0 0 0 1 1 0 0 0 1 1 0 0 1 1 1 0 0 0 1 1 1 1 0 1 1 1 1 0 1 1 1 1 1 1 0 0 0 0 0 0 0 1 0 1 1 1 1 1 1 0 0 1 0 0 1 1 1 1 0 0 0 1 1 1 1 0 1
1 0 1 1 0 1 1 1 0 0 0 1 0 1 1 1 1 1 0 1 1 1 1 1 1 1 1 1 1 1 0 1 1 1 0 0 0 1 1 0 1 0 0 0 1 1 1 1 0 1 0 1 1 0 1 0 0 0 1 0 1 1 1 1 1 1 1 1 0 0 0 0 0 0 0 0 1 1 1 1 1 1 1 0 0 1 0 0 1 1 0 0 1 1 1 0 1 1 0 1 0 0 0 0 0 0 0 1 0 1 1 1 1 1 1 1 1 1 1 0 1 0 0 1 0 1 1 1 1 1 0 0 1 0 0 0 0 0 1 1 0 1 0 1 0 1 0 0 1 0 0 1 0 1 0 0 1 1 1 1 1 1 1 0 0 1 1
0 1 0 1 1 1 1 0 0 1 1 0 0 1 0 1 1 1 1 1 0 1 0 1 0 0 1 1 0 1 1 1 0 0 0 1 0 1 0 0 0 1 0 1 1 0 1 0 1 1 0 0 0 0 1 0 0 1 1 0 0 0 0 0 0 1 0 0 0 0 0 1 1 0 0 0 0 1 1 0 0 1 0 0 1 0 1 1 1 1 1 1 0 0 1 0 1 1 0 1 0 1 0 1 1 0 1 1 0 1 0 0 0 0 1 1 0 1 0 1 1 0 0 1 0 1 1 1 1 1 0 1 0 0 0 1 1 0 0 1 0 0 1 1 1 0 0 1 0 0 1 1 0 1 0 0 0 1 0 1 0 0 0 0 1 0 1
1 0 0 0 1 1 1 1 0 1 1 1 1 0 0 1 0 1 1 1 1 0 1 1 0 1 1 1 1 1 0 1 0 1 1 1 1 1 1 1 1 0 1 1 0 1 0 1 0 1 0 0 1 1 0 1 1 1 0 0 1 1 0 1 1 1 0 1 1 1 1 1 1 0 0 1 1 0 0 0 1 0 0 0 1 0 1 0 0 0 1 0 1 1 1 1 0 1 0 1 0 1 1 0 1 1 1 1 0 0 1 1 0 0 0 0 1 0 1 1 0 1 1 1 0 0 0 1 1 0 0 0 1 1 1 0 1 1 1 1 1 1 1 1 1 1 1 0 1 0 1 0 0 1 0 1 1 0 0 1 0 0 0 1 0 0 0
1 1 1 0 1 1 1 1 0 0 1 0 1 1 1 1 1 0 1 0 0 1 0 1 0 0 1 1 1 1 1 1 1 1 0 0 1 0 1 1 0 0 1 1 1 0 0 0 1 1 0 1 1 1 1 1 1 1 1 1 1 1 1 1 1 0 0 1 1 1 0 1 1 1 0 1 0 0 1 1 0 0 1 1 1 1 1 0 1 1 0 0 0 0 1 1 1 1 1 1 1 1 1 0 1 1 1 1 1 1 0 1 1 0 1 1 1 1 0 0 1 0 0 0 0 0 1 1 1 1 1 0 1 0 1 0 1 0 1 1 1 1 0 1 1 1 0 1 1 1 1 1 0 0 0 0 0 1 0 1 1 1 1 0 1 1 0
1 1 1 1 0 1 1 0 0 1 1 1 0 1 1 1 0 1 1 1 1 1 1 1 0 1 1 0 1 1 0 1 1 0 1 1 1 0 1 1 0 0 1 0 0 0 1 0 1 0 1 1 1 0 1 1 1 1 0 0 0 0 1 1 0 1 0 1 1 1 1 1 0 0 1 0 0 0 1 1 1 1 0 0 1 0 0 1 1 0 1 1 1 1 0 1 1 0 1 1 0 0 1 1 1 1 1 0 1 1 1 1 1 0 1 1 0 1 0 1 1 0 1 0 1 1 1 1 0 0 1 0 0 1 0 0 0 1 0 0 1 0 1 0 0 0 0 1 1 0 1 1 0 0 1 1 0 0 0 0 0 1 0 1 1 0 0
1 1 1 0 1 1 1 1 1 1 0 1 1 1 1 1 1 0 1 1 1 0 1 0 0 0 0 1 1 0 1 1 0 1 1 1 0 1 0 1 0 1 0 0 0 0 1 0 0 0 1 0 0 0 1 1 1 0 0 1 0 0 0 0 1 1 0 1 0 1 1 0 0 1 0 1 1 1 1 1 1 1 1 0 1 1 1 0 1 1 1 1 1 0 1 1 1 1 1 1 1 1 0 1 0 0 0 1 1 1 1 0 1 0 1 1 1 1 1 0 1 1 1 0 0 1 1 1 1 1 1 1 1 1 0 1 1 1 1 0 0 1 1 0 0 1 1 1 1 0 0 1 1 1 0 1 0 1 1 1 1 1 0 1 0 1 1
1 1 0 1 1 1 0 1 1 1 0 1 0 0 1 0 0 1 0 0 0 1 1 1 1 1 1 0 1 0 1 0 0 0 0 1 1 0 1 1 1 1 0 0 0 1 0 0 1 0 0 1 1 1 1 0 0 1 1 1 1 0 1 1 0 1 1 1 0 0 1 1 0 1 1 0 0 1 0 1 0 0 0 1 1 0 0 0 1 1 1 1 1 1 0 1 0 1 1 0 1 0 1 0 1 1 1 1 0 1 0 0 1 1 0 1 1 1 1 1 0 0 0 1 1 0 1 1 1 1 1 1 1 1 1 0 0 0 1 1 1 0 1 1 1 1 1 0 0 0 1 1 1 1 0 0 1 1 0 1 1 0 1 0 0 0 1
0 1 0 1 1 1 0 0 1 1 1 0 0 1 0 1 0 1 0 1 0 1 1 0 0 1 1 0 1 1 1 1 0 1 1 1 1 1 1 1 0 1 1 0 0 1 1 1 1 1 0 1 0 1 1 0 1 0 1 0 0 1 0 0 1 1 0 1 1 0 0 1 0 1 1 1 1 1 1 1 0 1 1 1 0 0 1 1 0 0 0 0 1 0 1 0 1 1 1 0 1 1 1 1 0 1 0 1 1 0 1 0 1 0 1 0 1 0 1 1 0 1 0 1 0 1 0 1 0 1 1 1 0 0 0 0 1 1 0 1 1 0 1 0 1 0 0 1 0 0 1 0 1 1 1 1 0 1 1 1 0 1 0 0 1 1 1
0 1 1 1 0 1 1 0 1 0 1 1 1 0 0 0 0 1 0 0 0 1 1 1 1 1 1 0 1 1 1 1 1 0 1 1 1 0 1 1 0 0 1 1 1 1 1 1 1 1 1 1 0 0 0 0 1 1 0 0 0 1 0 1 1 1 0 1 1 0 0 1 0 1 1 1 1 0 0 0 1 1 1 0 1 1 0 1 1 1 1 1 0 0 1 0 1 1 1 1 1 1 1 1 1 1 0 0 1 0 1 1 1 0 1 0 1 1 1 1 0 1 1 1 1 1 1 0 1 1 1 0 1 0 1 0 1 1 0 1 1 0 0 1 1 1 1 0 0 0 1 1 1 0 0 0 1 1 1 0 0 0 1 1 1 0 0
0 1 0 1 0 1 0 1 0 1 0 1 0 0 1 1 1 1 0 1 1 1 0 1 1 1 0 1 1 0 1 1 1 0 0 1 1 0 1 0 0 0 1 0 0 0 0 1 1 0 1 0 1 1 0 1 0 0 0 1 1 0 1 1 0 1 1 0 1 0 0 0 0 1 0 1 1 1 0 1 1 1 1 1 1 1 0 1 0 1 1 1 1 0 0 1 1 0 0 0 0 0 0 1 1 1 0 1 0 0 1 0 1 0 1 0 0 0 1 0 1 0 1 0 0 1 0 1 1 0 1 0 1 0 1 1 1 0 0 1 0 1 1 0 1 1 1 1 1 0 1 0 0 0 0 1 0 0 0 1 1 1 1 1 1 1 0
1 1 1 1 1 1 1 0 1 0 0 0 1 1 1 1 1 0 1 0 1 0 1 1 1 1 1 1 0 1 1 1 1 1 1 0 1 0 0 1 0 1 1 1 1 1 1 1 1 1 1 1 1 1 0 0 0 1 1 1 1 0 0 0 0 0 0 1 0 1 1 1 0 1 1 1 0 1 1 1 1 0 0 0 1 1 0 1 1 1 0 1 1 0 1 1 0 1 1 0 1 0 1 1 1 1 1 1 1 0 0 1 0 0 0 0 1 0 1 1 1 1 0 1 1 1 1 0 0 0 0 0 0 1 1 1 1 1 1 0 1 0 1 1 1 1 1 0 1 0 1 1 1 1 0 1 0 1 1 0 1 1 0 1 1 0 0
0 1 0 0 0 0 0 1 1 1 1 1 1 1 1 0 1 1 0 1 1 1 0 0 0 1 0 1 1 0 1 1 1 1 1 0 1 1 0 0 0 1 1 1 1 1 1 1 0 1 0 1 1 0 0 1 1 0 1 0 0 0 1 0 0 1 0 1 0 0 1 1 1 1 0 1 0 1 1 1 1 1 0 1 1 1 1 1 1 0 0 1 1 1 1 1 1 0 1 1 0 1 0 1 1 0 0 0 1 0 1 0 1 1 0 1 0 1 0 1 0 0 0 1 0 0 0 0 1 1 0 1 1 0 0 1 0 1 1 0 1 0 0 0 0 1 1 1 1 1 0 1 0 1 1 0 1 1 1 0 0 0 0 1 0 1 1
1 0 0 1 1 1 1 1 0 0 0 1 1 0 1 0 0 0 1 0 0 1 1 1 1 1 0 1 0 1 0 1 0 1 0 1 0 1 0 0 0 1 1 1 0 0 1 0 1 1 0 1 0 1 1 0 0 1 1 0 1 0 0 0 1 1 1 1 1 0 0 0 1 1 1 1 1 1 1 1 0 1 0 0 1 1 0 1 1 0 0 1 0 1 1 1 1 0 1 1 0 0 0 1 1 0 0 1 1 0 1 1 1 1 1 0 0 0 1 1 0 1 0 0 1 1 1 1 1 1 1 1 1 0 0 1 0 1 1 1 1 0 1 0 1 0 1 0 1 1 1 1 1 1 1 1 0 1 0 1 0 0 1 0 0 1 1
0 0 0 1 1 0 0 0 1 1 1 0 0 0 1 1 1 0 1 1 1 1 1 1 1 1 1 1 1 0 1 1 1 1 1 0 1 0 0 1 1 1 1 1 1 1 1 0 1 0 1 0 1 1 1 1 1 0 0 1 1 1 1 1 0 0 1 0 0 0 0 1 1 1 1 1 0 1 1 1 0 1 1 1 0 0 1 1 1 1 1 0 0 1 1 1 0 1 1 0 1 0 1 0 0 1 1 1 1 1 0 0 0 1 1 0 0 1 0 1 1 0 1 1 0 0 0 0 1 0 0 1 1 0 1 1 1 0 0 0 1 0 0 1 1 0 1 1 1 1 0 1 0 1 1 0 1 1 0 1 1 1 1 1 0 0 0
1 1 1 1 0 0 0 0 0 0 0 1 1 1 1 1 1 0 1 1 1 0 0 0 0 1 0 1 1 0 1 0 1 0 0 0 1 0 0 1 0 0 1 1 1 0 0 1 0 1 0 0 0 0 0 1 1 0 1 1 0 0 1 0 0 1 0 1 1 1 0 1 1 1 0 1 1 0 1 1 1 0 1 1 0 1 1 0 1 0 1 0 0 0 0 1 1 1 0 1 1 0 0 1 1 1 1 0 1 1 0 0 1 1 0 1 1 1 1 1 1 1 1 0 1 0 1 1 1 1 1 1 1 0 0 1 1 1 1 0 1 1 0 0 1 0 0 1 1 1 0 1 0 1 1 1 0 0 0 1 1 0 0 1 0 1 0
1 1 1 1 0 1 1 1 1 0 1 0 1 0 0 1 1 0 0 0 0 0 1 1 1 1 1 0 0 1 1 0 0 1 1 1 1 1 1 0 1 0 0 1 1 1 0 1 1 0 0 1 0 1 1 0 1 0 0 1 1 1 1 0 1 1 1 0 1 1 0 1 1 1 0 1 1 0 1 1 0 1 1 1 1 1 1 1 0 1 1 1 1 0 0 0 1 1 0 0 1 1 0 1 1 1 0 1 0 1 1 0 1 1 0 1 1 1 1 1 1 1 1 0 1 1 0 0 1 0 1 1 1 1 0 1 0 1 1 0 1 0 1 1 1 1 1 0 0 1 1 1 0 1 1 1 1 1 1 1 1 0 1 1 1 1 1
1 0 0 1 1 0 1 0 1 0 0 0 0 1 0 1 1 1 0 0 0 1 1 1 1 1 0 0 0 1 1 1 1 0 1 0 0 1 1 0 1 1 0 0 1 1 1 1 1 0 1 1 1 0 1 1 1 0 1 0 1 1 1 1 0 0 1 0 0 0 0 0 0 0 1 0 1 0 1 1 1 1 0 1 0 1 1 1 1 0 0 1 1 1 0 1 0 1 1 0 1 0 1 0 1 0 0 0 0 1 1 1 1 1 0 1 0 1 0 0 0 0 1 1 0 1 1 0 1 1 1 1 1 1 0 0 1 0 0 0 1 1 1 0 1 1 1 1 1 1 1 1 0 0 1 0 0 0 1 1 1 1 1 0 1 0 0
1 1 1 1 0 0 0 1 1 1 0 0 1 1 1 0 0 0 1 1 1 1 1 1 0 1 0 0 1 0 1 1 1 0 0 1 0 1 1 1 0 1 0 1 0 1 0 0 1 1 1 1 0 1 1 0 0 1 0 1 0 1 0 1 0 1 1 1 1 1 0 0 0 0 0 1 1 0 1 1 1 0 1 1 1 1 1 1 0 0 0 1 0 1 0 0 1 1 1 1 1 1 1 1 1 1 1 1 1 0 1 1 0 0 1 0 1 0 0 0 1 0 1 1 1 1 1 0 1 1 1 0 1 0 0 1 0 0 1 1 1 1 1 1 0 1 1 1 1 1 1 0 1 0 1 0 1 1 0 0 1 0 0 1 1 1 1
1 1 1 1 1 1 0 1 1 1 1 0 1 1 1 1 1 0 1 0 0 1 1 0 0 0 1 0 1 1 0 0 1 1 1 0 1 1 1 0 0 0 0 1 0 0 1 1 0 1 1 0 1 0 1 0 1 1 1 0 1 1 1 0 0 0 1 1 1 0 0 1 0 1 0 1 1 1 0 1 0 0 1 0 0 1 1 1 0 1 1 1 1 0 1 1 0 0 1 1 1 1 0 1 0 1 0 1 1 0 1 1 0 1 0 0 1 1 1 0 0 1 1 0 0 0 0 1 0 1 0 1 1 1 0 1 0 0 1 1 1 0 1 1 1 1 0 1 1 0 1 1 1 0 1 1 1 1 0 1 1 1 1 0 0 1 0
0 0 1 1 1 1 0 1 1 1 1 1 0 1 1 1 1 0 1 1 0 0 1 0 1 0 1 1 0 0 1 0 1 1 1 0 0 0 1 1 1 1 0 0 1 0 0 0 1 1 1 0 1 0 0 0 1 1 0 1 0 1 1 1 1 1 1 1 1 1 1 1 0 1 0 1 1 0 1 1 1 0 1 0 1 1 0 1 1 0 1 1 0 0 0 1 0 1 0 0 0 1 1 0 0 1 1 0 1 0 1 0 0 0 0 1 0 1 1 1 1 0 1 1 1 1 0 1 1 1 1 1 1 1 1 0 0 0 1 0 1 0 0 1 0 1 0 1 1 0 0 1 0 1 0 1 1 1 1 0 0 0 1 0 1 1 1
1 1 1 0 0 1 0 1 1 1 1 0 1 1 0 0 1 0 0 1 1 1 1 1 0 1 0 0 0 1 1 1 0 1 1 0 1 0 1 0 1 1 1 0 0 1 0 0 0 1 0 1 1 0 1 1 1 1 1 1 1 1 1 1 1 1 1 1 1 1 1 1 1 0 1 0 1 1 0 1 1 0 0 0 1 1 1 1 1 0 0 0 0 1 1 0 1 1 1 0 0 0 1 0 0 0 0 1 0 0 0 1 1 1 1 0 0 0 1 1 1 1 1 1 1 1 0 1 0 1 0 0 1 1 0 1 0 0 1 0 1 0 1 0 1 1 0 0 1 1 1 1 0 1 0 1 0 0 1 0 1 0 0 1 1 0 1
1 1 0 0 1 1 0 1 0 1 1 0 1 1 0 1 1 1 1 1 1 0 0 1 1 0 0 0 1 0 1 1 1 1 1 1 0 1 1 0 0 0 0 0 1 0 1 1 1 1 0 0 0 0 0 0 0 0 0 0 1 0 1 0 1 0 1 1 1 0 1 1 1 0 1 0 1 1 1 0 1 1 1 1 1 1 1 0 1 0 0 0 0 1 0 1 0 0 1 1 1 1 1 1 1 0 0 0 0 1 0 1 0 1 1 0 0 1 1 1 1 1 1 1 1 0 1 1 0 1 0 1 0 1 0 1 1 0 1 1 1 0 1 1 1 0 1 1 1 1 0 1 1 1 0 1 1 1 0 1 0 0 1 1 1 1 0
1 0 0 1 1 0 0 1 1 0 1 0 1 0 0 0 1 0 0 0 1 1 0 1 0 0 0 1 0 0 0 1 0 0 0 1 1 0 1 0 1 1 0 1 1 1 1 1 1 1 1 0 1 1 1 1 1 1 0 1 1 0 1 1 1 1 0 0 0 1 1 1 1 0 1 0 1 0 1 0 1 0 0 1 1 1 0 0 1 0 1 1 1 0 1 0 1 0 1 1 1 1 0 1 1 0 0 1 0 1 1 0 1 1 1 0 1 1 0 0 1 1 1 0 0 1 0 1 1 0 1 0 1 1 0 1 1 0 0 1 0 1 1 1 0 0 1 1 1 0 1 0 0 1 0 0 1 1 1 0 1 1 0 0 1 0 1
1 0 1 0 1 1 0 0 1 0 0 0 1 0 0 0 0 1 1 1 0 1 1 0 0 1 0 0 1 1 1 1 1 1 1 0 0 1 0 1 0 0 0 1 1 0 1 1 1 0 0 1 1 0 1 0 0 0 0 1 1 0 1 1 1 1 1 1 0 1 0 0 1 0 0 0 1 1 1 1 0 0 0 1 0 0 1 1 0 1 1 1 1 1 0 1 0 1 0 1 0 0 1 0 1 1 1 1 1 1 1 1 0 1 0 1 1 1 0 1 1 0 0 1 0 0 0 0 1 1 1 0 0 1 0 1 0 1 1 1 0 0 0 1 1 0 1 1 1 1 0 1 0 1 0 0 1 0 1 0 0 1 0 0 0 1 1
0 0 0 0 0 0 0 1 0 1 1 0 1 0 1 0 0 0 1 1 1 0 1 0 1 0 1 1 0 1 0 1 0 1 1 0 1 0 1 1 1 0 0 0 1 1 1 1 1 1 0 1 0 1 1 1 0 0 0 1 1 1 0 1 0 1 1 1 0 1 1 1 0 1 0 0 0 1 0 0 0 0 1 1 0 0 0 0 0 0 1 0 0 1 0 0 1 0 0 0 0 1 0 1 1 0 0 1 1 0 1 1 0 0 0 1 0 0 1 1 0 0 0 1 1 1 1 0 1 1 1 1 1 1 0 1 1 1 1 0 1 0 0 0 0 0 1 1 1 0 0 1 0 1 0 0 1 1 0 0 1 1 1 0 0 0 0
1 1 1 1 0 1 1 0 1 1 1 0 0 1 1 1 1 1 1 1 1 1 1 1 0 1 1 0 1 1 0 1 0 1 1 0 1 0 0 0 1 1 1 1 1 0 0 0 1 1 1 1 1 1 1 1 0 0 0 1 1 1 1 1 1 0 0 0 0 0 0 1 0 1 0 1 1 0 1 1 1 1 1 1 0 1 1 1 1 1 0 1 1 1 1 1 1 1 1 1 1 1 0 1 1 0 1 1 0 0 1 0 1 1 1 1 1 1 0 1 0 0 0 0 1 1 1 0 0 1 1 0 0 1 0 1 1 1 1 0 1 0 0 1 1 0 1 0 0 1 1 1 1 0 1 0 1 1 0 1 1 1 0 0 1 0 0
1 1 1 1 1 1 1 1 1 1 0 1 0 1 1 1 0 1 0 0 1 1 1 1 1 0 0 1 0 0 1 1 1 0 1 1 1 1 1 1 0 1 0 1 1 1 1 1 1 1 1 0 1 0 0 0 1 1 1 1 1 0 1 0 1 1 0 0 0 1 1 1 0 1 0 1 1 1 0 0 1 1 1 0 1 0 0 1 1 1 1 0 0 1 1 1 0 1 1 1 0 0 0 0 1 0 1 1 1 1 1 1 0 1 1 0 1 1 1 0 1 0 0 1 1 1 0 0 1 1 1 1 0 1 0 0 1 1 1 1 0 0 1 1 1 1 1 0 0 0 0 1 0 0 0 1 1 1 1 1 0 0 0 0 1 1 1
1 1 0 0 0 0 0 1 0 1 0 1 1 0 1 0 1 0 1 0 1 0 1 0 1 0 0 1 1 1 0 1 1 0 1 1 1 1 1 1 0 1 1 1 1 1 0 0 1 1 1 0 1 0 0 0 0 1 0 0 0 0 1 1 0 0 0 1 1 1 0 0 0 0 1 1 1 1 0 0 1 1 1 1 1 1 0 0 1 1 1 0 0 1 1 0 1 0 0 1 1 0 1 1 0 0 1 1 0 1 1 0 0 1 1 1 0 1 1 1 1 1 1 1 0 1 0 1 1 0 0 1 0 1 0 0 0 1 1 1 1 0 1 1 1 1 0 0 1 1 1 0 0 1 0 0 1 0 1 0 0 1 1 1 1 1 1
1 1 0 1 1 1 0 0 0 1 0 0 0 1 1 0 0 0 0 0 1 0 1 1 1 1 1 0 0 0 1 1 1 0 1 1 1 1 1 1 0 1 1 1 1 0 1 1 0 1 1 0 0 1 1 1 0 0 1 0 0 1 1 1 1 0 0 0 1 1 1 0 0 0 1 1 0 0 0 1 1 1 0 1 0 0 1 0 0 0 1 1 1 0 0 0 1 0 0 0 1 1 1 1 0 0 1 0 0 1 1 1 0 1 1 0 1 1 1 0 0 1 1 1 0 1 0 1 0 0 0 1 0 1 1 1 1 0 1 1 1 0 1 1 0 0 0 0 1 1 0 1 0 1 1 0 1 1 1 1 1 0 0 1 1 0 0
0 0 0 0 1 1 1 1 1 0 1 1 0 0 0 1 0 1 1 0 0 0 0 1 1 1 0 0 0 0 1 0 1 1 0 0 0 1 1 0 1 0 0 0 0 0 0 0 0 1 1 1 1 1 0 0 0 1 0 0 1 0 0 1 1 1 0 0 0 1 0 0 1 0 0 0 0 0 0 1 1 1 1 0 1 0 0 1 0 1 1 1 1 1 1 0 0 1 0 0 1 1 0 1 1 0 1 0 0 1 1 0 0 0 0 1 0 0 1 0 1 0 0 0 1 0 0 0 1 1 0 0 1 0 1 0 0 0 0 1 1 1 0 1 1 0 0 1 1 0 1 0 1 0 0 1 0 1 1 1 1 0 0 1 1 1 1
1 1 1 0 1 1 1 1 1 0 0 1 1 0 1 1 1 1 0 0 1 1 1 1 0 1 1 1 1 1 0 0 1 1 0 0 1 1 1 1 1 1 1 0 1 0 0 1 1 0 1 1 1 0 1 1 0 0 0 1 1 0 1 0 1 0 0 0 1 1 0 1 0 1 1 0 0 1 1 1 1 1 1 0 1 1 1 0 0 0 1 0 0 1 1 0 1 1 0 0 0 1 1 1 0 1 1 0 1 0 0 0 1 1 1 0 1 1 0 1 1 1 1 1 1 0 1 1 1 0 1 1 1 1 1 1 0 0 1 1 0 1 1 1 1 1 1 0 1 1 1 0 1 1 0 0 1 1 1 1 1 1 0 1 1 1 0
1 1 0 1 1 1 0 1 1 1 1 1 0 0 0 1 0 1 1 0 0 1 1 1 1 1 1 0 0 0 0 0 1 0 1 0 0 1 0 1 0 1 0 1 0 0 1 1 1 0 0 0 0 0 1 1 1 1 1 0 0 0 0 1 0 1 1 0 1 1 1 1 0 1 0 0 0 1 1 1 1 0 1 1 0 0 0 1 0 0 0 0 0 0 1 0 1 0 1 0 1 0 0 1 0 0 1 1 1 1 1 1 1 1 1 1 1 0 1 1 0 0 0 1 1 1 1 1 1 0 1 1 0 1 1 0 1 1 0 1 0 1 1 1 0 1 0 1 0 1 1 0 1 1 1 0 0 0 1 1 0 0 1 1 1 1 0
1 1 0 1 0 1 1 1 1 1 0 1 1 1 1 0 0 0 1 0 0 1 1 0 0 1 1 0 1 1 1 1 1 1 1 0 0 1 0 0 1 0 1 1 1 0 1 0 0 0 1 0 1 0 0 1 0 1 1 0 1 0 0 1 1 1 0 1 0 0 1 1 0 1 0 1 1 1 1 1 1 0 1 1 0 1 1 0 0 1 1 1 1 0 0 0 1 1 0 1 1 0 1 1 1 1 1 1 0 1 1 0 1 1 0 1 0 0 1 0 1 0 1 0 0 0 1 0 1 1 1 0 1 0 0 0 1 1 1 0 0 1 0 1 0 1 0 0 1 1 0 0 1 0 1 0 0 1 0 1 0 0 1 1 0 1 0
0 0 1 1 0 0 1 1 0 0 1 1 1 0 1 1 0 0 1 0 0 1 0 1 0 0 1 1 1 0 0 1 1 1 0 1 0 1 0 0 1 1 1 0 1 1 1 1 1 1 1 1 1 1 1 0 1 1 0 0 1 0 1 0 0 0 1 0 1 1 0 1 0 0 1 0 0 1 1 1 0 0 1 1 0 1 1 1 0 0 0 1 0 0 1 0 0 0 0 1 1 1 0 1 1 1 0 1 0 1 1 1 1 1 1 1 0 1 1 1 1 1 1 0 1 0 0 1 0 1 1 1 0 1 1 1 0 1 1 1 0 0 0 0 1 1 0 1 1 1 1 0 1 1 0 0 1 1 1 1 1 0 1 1 1 1 1
0 0 0 1 1 1 1 1 1 0 1 0 1 0 1 1 1 1 0 1 0 1 1 0 0 1 1 1 0 0 0 0 0 1 1 1 1 0 1 1 0 1 0 0 0 1 0 1 1 0 1 1 1 0 1 1 1 1 1 0 1 1 0 0 0 0 1 0 0 0 0 1 1 1 1 0 0 1 1 1 0 1 0 1 1 0 0 0 1 1 1 0 0 1 0 1 0 1 1 0 1 1 1 1 0 1 1 0 1 1 0 1 0 0 1 1 0 0 1 1 1 1 1 1 0 0 0 0 1 1 0 1 1 1 1 1 0 1 0 1 0 0 1 0 0 1 1 1 1 1 0 0 0 0 1 0 0 0 0 0 0 0 1 1 1 1 1
0 0 1 1 0 1 0 0 1 1 1 1 0 0 1 0 0 1 1 0 1 1 0 1 1 1 1 1 0 0 0 0 0 1 1 0 1 1 0 1 1 1 0 1 0 1 1 0 0 0 0 1 0 0 1 1 1 0 1 1 1 1 1 1 1 1 1 0 0 1 1 1 1 1 1 1 0 0 1 0 1 1 0 1 0 1 1 0 1 1 0 1 1 1 0 1 0 0 0 0 1 1 1 1 1 0 0 1 1 1 0 0 1 0 1 1 1 0 0 1 0 0 0 1 1 1 1 0 1 1 0 0 0 1 1 1 0 1 1 1 1 1 1 0 1 1 1 1 1 1 0 1 1 0 0 1 1 1 1 1 1 1 1 0 1 1 1
1 1 0 1 0 1 0 0 1 1 1 0 0 1 1 1 0 1 1 1 1 0 1 1 0 1 0 0 0 0 1 1 1 0 0 1 1 1 1 1 1 1 1 0 0 0 1 0 1 1 1 0 1 1 1 1 0 1 0 0 1 1 0 1 0 0 0 1 1 1 0 1 1 0 0 0 0 0 1 1 1 0 1 1 1 0 0 0 0 0 1 1 0 1 1 1 1 0 1 0 0 0 1 1 1 1 1 1 0 1 1 1 1 1 1 1 1 0 1 1 1 0 1 0 1 0 0 1 1 0 1 1 0 0 0 1 1 0 1 0 1 1 1 0 1 1 1 0 1 1 1 1 1 1 0 1 0 1 0 1 1 1 0 1 1 0 0
1 0 0 1 1 1 0 1 0 1 1 0 1 1 0 1 0 1 1 1 1 0 1 0 1 0 1 1 1 1 0 0 1 0 1 0 1 0 1 1 0 0 0 0 1 0 1 1 1 0 1 1 0 1 1 1 1 0 0 1 1 1 0 0 1 1 0 1 1 1 0 0 0 1 0 1 0 1 1 1 1 1 1 1 0 1 0 1 0 1 1 1 0 0 1 1 0 0 1 1 0 0 1 0 1 0 0 1 1 1 0 1 1 0 1 1 0 1 0 1 0 1 1 0 0 1 0 0 1 1 1 1 0 1 1 1 1 1 1 1 1 1 0 0 1 1 1 0 0 1 0 1 1 1 0 1 0 1 1 1 1 1 0 1 0 1 0
1 1 1 0 1 1 0 1 1 1 1 1 1 0 1 1 1 0 0 1 0 0 1 1 1 1 0 1 1 1 0 1 0 1 1 0 0 1 1 1 0 0 0 0 0 1 1 1 1 1 1 1 1 1 1 1 1 0 0 0 1 0 1 1 0 1 1 0 1 1 1 1 1 0 1 0 1 0 1 1 1 0 1 1 1 1 0 0 0 1 1 0 0 1 1 1 1 1 0 1 0 1 0 1 1 1 1 1 0 0 0 1 0 0 1 0 1 1 1 1 1 1 1 0 1 1 0 1 1 0 0 0 0 0 1 1 0 1 1 0 1 1 1 0 1 0 0 0 1 1 1 0 0 1 1 0 0 1 1 1 1 1 1 1 1 1 1
0 0 1 0 1 0 1 1 1 1 1 1 1 0 1 0 1 0 1 1 1 0 1 1 1 0 0 0 0 1 1 0 1 0 0 1 1 0 1 0 0 0 1 1 1 0 1 0 1 0 1 1 1 1 1 0 1 1 1 0 1 1 0 1 0 1 0 1 1 1 1 0 1 0 1 0 0 1 0 0 1 1 1 0 1 0 0 0 1 1 1 1 1 1 1 1 0 1 0 0 0 1 1 0 1 1 1 1 0 1 1 0 0 1 1 1 1 1 1 1 0 0 1 1 1 1 1 1 0 1 0 1 0 1 1 1 0 1 0 0 1 0 1 1 1 1 1 1 1 1 1 1 1 0 1 0 1 1 1 1 1 0 1 1 1 1 0
1 1 1 1 0 1 0 1 1 0 0 1 1 1 0 1 0 1 0 0 0 1 0 0 0 0 1 1 1 0 1 0 0 0 0 0 1 0 1 1 1 1 0 0 1 1 1 1 0 1 1 0 1 1 0 1 1 1 0 0 1 1 0 0 1 0 0 1 1 1 0 0 1 1 0 1 1 1 0 1 0 1 1 1 1 1 0 0 1 0 1 0 1 1 0 1 0 0 0 1 1 1 1 0 1 1 0 1 1 0 1 1 1 1 0 1 0 0 1 1 0 0 0 1 1 0 1 1 0 1 1 0 0 0 0 0 0 0 1 0 0 0 0 0 1 0 1 1 1 1 0 1 0 0 1 1 0 1 1 1 1 0 1 0 0 1 0
0 0 0 0 0 0 1 1 1 1 0 1 0 1 1 1 1 1 1 1 0 1 1 0 1 1 1 1 1 0 1 1 0 1 0 1 1 1 0 1 0 0 1 0 1 1 1 0 1 0 0 1 1 1 1 0 1 0 1 1 0 0 0 1 1 1 0 1 1 0 1 0 0 1 1 1 1 1 1 1 1 1 0 0 0 1 0 1 1 1 1 0 1 1 1 0 0 1 1 0 1 0 1 0 1 1 1 1 0 1 0 1 1 1 1 1 0 1 1 0 1 0 0 0 1 0 0 1 0 1 1 1 0 1 1 0 1 1 1 1 1 0 0 1 1 1 0 1 1 1 1 0 1 0 0 1 1 1 0 0 0 0 1 0 1 1 0
0 0 0 1 0 0 1 1 1 1 1 1 1 0 1 1 1 1 1 0 0 0 1 0 0 1 0 0 0 1 0 1 1 1 0 1 1 1 1 0 1 0 1 1 0 0 1 0 1 0 1 1 0 1 1 0 1 1 1 1 1 1 0 1 0 0 1 1 0 1 1 1 1 0 1 1 1 0 1 0 0 1 1 0 1 1 0 0 1 1 1 0 0 1 1 0 1 1 1 0 0 0 1 1 1 0 0 0 1 1 0 0 1 1 0 0 0 0 0 1 1 0 1 1 1 0 0 1 0 1 1 0 0 1 0 1 1 0 1 1 0 1 1 1 1 1 1 0 0 1 1 1 1 1 1 0 0 1 1 1 1 0 0 1 0 1 0
1 0 1 1 0 1 1 1 1 1 0 1 1 0 1 0 1 1 1 0 1 1 1 1 1 0 1 0 1 1 0 1 1 0 1 1 0 1 0 1 1 0 1 0 0 1 0 1 0 0 1 1 1 1 0 0 1 1 0 1 0 0 0 1 1 1 1 1 1 1 0 0 0 1 0 0 0 1 0 0 1 0 1 1 1 0 0 0 1 0 1 1 1 1 1 0 1 1 1 0 1 1 1 1 0 1 1 0 0 1 1 1 1 1 1 0 1 1 1 0 1 0 1 0 0 0 1 1 0 1 1 1 0 1 1 1 0 0 1 1 0 1 1 1 0 1 0 1 0 1 1 1 1 0 0 1 1 1 1 1 0 0 1 1 1 1 0
0 0 1 0 0 1 1 0 1 1 1 1 1 1 1 1 0 1 1 1 1 1 0 1 0 1 1 1 1 1 1 0 0 1 1 0 1 0 0 0 1 0 0 0 1 1 1 1 1 0 1 0 0 1 1 0 1 1 1 1 0 0 0 0 1 1 0 0 1 0 1 0 0 1 0 1 1 1 0 1 0 1 1 0 1 0 1 1 1 1 0 1 1 0 0 0 1 0 1 0 0 0 0 1 1 1 0 0 1 0 1 1 1 0 0 1 1 0 0 0 1 1 0 1 1 1 1 1 0 0 1 1 0 0 1 1 1 0 1 0 0 0 1 1 1 1 1 1 1 1 0 0 1 0 0 0 0 0 1 0 0 1 1 1 1 1 1
1 0 0 1 1 1 1 1 0 1 1 0 1 1 0 1 0 1 1 1 1 1 1 1 1 0 0 1 0 1 0 0 1 0 1 0 1 1 1 1 0 1 0 1 1 0 1 1 1 1 0 0 0 1 1 1 0 1 1 1 0 1 0 1 1 1 0 1 1 1 1 1 1 1 1 1 1 0 1 0 1 1 0 1 1 1 1 1 0 1 1 1 1 1 0 0 1 0 1 1 1 1 0 0 1 1 0 1 1 1 1 0 1 0 1 1 1 0 0 0 0 1 1 1 1 1 1 1 1 1 1 1 0 1 1 0 0 0 1 0 1 0 0 0 0 1 1 1 1 1 0 0 1 1 1 1 0 1 0 1 0 1 1 0 1 0 0
1 0 1 1 1 1 1 0 0 1 1 1 1 0 1 1 1 0 1 1 1 0 1 0 0 1 1 0 1 0 0 1 0 1 1 1 1 1 0 1 0 1 1 1 1 0 1 0 0 1 1 1 1 0 1 1 1 1 0 1 0 1 0 1 0 1 0 1 0 1 0 0 1 0 1 1 0 1 1 1 1 0 0 1 1 1 1 0 1 1 0 1 1 1 1 1 0 1 1 0 0 1 1 0 1 1 1 0 0 1 1 1 0 0 1 1 1 1 0 1 1 0 1 0 1 0 0 1 1 0 1 1 1 0 1 1 1 0 1 1 0 1 1 0 0 0 0 0 1 0 1 0 0 0 0 1 0 0 0 0 1 1 0 0 0 1 1
1 1 0 1 1 0 0 0 0 0 1 0 1 0 1 0 0 0 0 1 1 1 1 0 1 1 0 0 1 1 0 0 1 0 1 1 0 1 1 1 0 1 0 0 1 0 0 1 0 0 1 1 1 0 1 1 1 1 1 0 1 1 0 0 1 0 1 0 0 0 1 1 1 1 0 0 1 0 1 1 0 0 1 1 0 0 1 1 0 0 1 1 0 0 1 0 1 1 0 0 1 0 0 0 1 0 0 1 0 1 0 0 1 1 0 1 1 1 1 1 1 1 0 1 1 0 1 0 1 0 0 0 1 1 1 1 1 1 0 1 1 1 1 0 0 1 0 0 1 1 1 0 1 0 0 1 0 1 1 1 1 1 1 1 0 0 0
1 1 1 0 0 0 0 1 1 0 0 1 0 1 1 1 1 1 0 1 1 1 0 1 1 1 0 0 0 0 1 1 1 0 0 1 0 0 0 1 0 1 0 0 1 1 1 0 0 0 1 0 0 0 0 1 0 0 1 0 1 0 0 1 0 0 1 0 1 1 1 1 0 1 1 1 1 1 1 0 1 0 1 1 1 0 0 1 1 1 1 0 1 0 1 1 0 1 0 1 1 1 0 1 1 1 1 0 0 1 0 1 0 0 0 1 1 0 1 0 0 0 0 1 0 1 1 0 1 1 1 1 0 1 0 1 1 0 0 1 0 0 1 1 1 0 0 0 0 1 0 0 1 1 1 1 0 1 0 1 0 1 0 1 1 1 0
0 1 0 1 1 1 1 1 0 1 1 0 1 1 1 1 0 1 1 0 1 0 0 1 0 1 1 1 0 0 1 0 1 0 0 0 1 1 1 0 0 1 0 1 1 1 1 0 1 0 0 1 0 0 0 1 0 1 0 1 1 1 1 1 0 0 1 1 1 1 1 0 0 1 1 1 1 0 0 1 1 0 1 1 1 0 0 1 0 1 0 0 0 1 1 0 1 0 1 1 1 0 0 1 0 0 1 1 1 1 1 1 1 0 1 0 0 0 1 0 0 1 0 0 1 1 0 0 1 1 1 1 0 0 0 0 0 1 1 1 0 0 1 0 0 0 0 0 0 0 1 0 1 1 0 1 0 1 1 0 1 1 1 1 0 0 1
1 1 0 1 0 1 0 0 0 1 0 1 0 0 0 1 0 0 1 0 0 0 0 0 1 0 0 0 1 0 0 1 0 0 1 0 1 1 0 0 0 1 1 1 1 1 1 1 1 1 1 1 1 1 0 1 0 1 1 1 1 1 1 1 0 0 1 1 0 0 1 0 1 1 1 0 1 0 1 0 1 1 0 1 0 0 0 0 1 0 1 1 1 0 0 1 1 0 1 0 0 1 1 1 0 1 1 1 0 0 1 1 1 1 1 0 0 1 0 1 1 1 1 1 0 0 1 1 1 0 1 1 1 1 0 0 1 1 1 1 0 0 1 1 0 0 1 0 1 1 0 1 1 1 0 1 1 1 0 0 1 1 1 1 1 1 1
0 0 0 1 1 1 0 0 1 1 0 0 1 1 0 1 1 0 0 0 1 1 0 0 1 1 1 0 0 0 1 0 0 1 1 1 1 0 0 0 1 0 1 0 0 1 0 1 0 0 1 0 1 0 1 0 1 1 0 0 1 1 0 0 1 1 1 0 0 1 0 1 0 0 1 1 1 1 0 1 1 0 1 0 1 1 0 1 0 0 1 1 1 1 1 0 1 1 0 1 0 0 0 0 1 0 0 1 1 1 1 0 0 0 0 0 1 0 0 0 0 1 1 1 0 1 0 1 0 0 0 0 0 0 0 0 0 1 0 1 1 0 1 0 1 1 0 1 1 0 1 1 1 1 1 1 1 1 1 1 1 1 1 0 1 0 0
1 1 0 1 0 0 0 1 1 1 1 0 1 0 1 1 1 0 0 1 1 1 0 1 1 1 0 1 0 1 1 0 0 1 1 1 1 1 1 1 1 1 1 1 0 1 1 1 1 0 1 1 1 1 0 1 1 1 1 0 1 1 0 1 0 1 1 1 1 0 1 1 0 0 1 1 1 0 0 0 1 1 1 0 0 1 1 1 0 1 0 1 0 0 1 1 0 0 0 1 0 1 0 1 1 1 1 1 0 0 0 1 1 0 1 1 1 1 1 1 0 1 1 0 0 1 1 0 1 0 0 1 1 0 0 1 1 0 0 0 0 1 1 1 1 0 1 0 1 0 1 1 0 1 0 0 0 1 1 1 1 0 1 1 1 1 0
1 1 1 1 1 1 0 0 0 0 1 0 0 1 0 1 1 1 1 1 1 1 0 0 1 1 1 1 1 1 0 1 0 1 1 1 1 1 1 1 0 0 0 0 0 0 0 1 1 1 1 0 1 1 0 0 0 0 0 1 1 0 0 1 1 0 0 0 1 1 0 1 0 1 0 0 1 0 0 1 0 1 0 1 1 1 1 0 1 1 0 0 1 0 1 1 0 1 1 0 1 1 0 0 1 0 1 0 0 1 1 0 0 1 1 1 1 1 0 1 0 0 0 0 1 1 1 1 1 1 1 1 0 1 1 1 1 1 1 0 0 0 0 1 0 0 0 1 1 0 0 1 1 1 0 1 0 1 1 1 0 1 1 0 0 1 1
1 1 1 1 1 1 0 1 1 1 1 0 1 1 1 0 0 1 0 0 0 0 1 0 0 0 1 0 1 0 0 0 0 1 0 0 0 1 0 0 1 1 1 0 1 1 1 1 1 1 1 1 1 0 1 1 0 0 0 1 1 0 1 1 1 1 0 0 1 1 0 0 1 1 0 1 1 1 0 0 0 1 0 1 1 1 1 1 1 1 0 1 1 0 1 1 1 0 1 0 1 0 1 0 1 1 0 0 1 0 0 1 1 0 1 0 1 1 1 1 1 0 0 1 0 0 0 1 0 0 1 0 0 1 1 1 0 0 1 1 0 0 0 1 0 1 0 0 1 1 1 0 1 1 1 1 1 1 1 1 0 0 1 1 1 0 1
1 0 1 0 1 1 0 1 0 1 1 1 0 0 1 0 1 0 1 1 1 1 1 0 1 0 1 1 1 1 0 1 0 1 1 1 1 1 0 1 0 1 1 0 0 0 1 1 0 0 1 1 1 1 1 0 1 0 1 1 1 1 0 0 1 1 1 0 0 0 1 1 0 0 0 0 1 1 1 0 1 0 1 1 1 0 1 1 1 1 0 1 1 0 0 1 1 0 0 0 1 1 1 1 0 1 1 1 1 1 1 0 1 1 1 1 1 1 0 0 1 0 0 0 0 1 0 1 1 0 1 0 0 1 1 1 1 1 1 1 1 1 0 1 0 1 0 1 0 0 1 1 0 1 0 1 1 0 0 0 1 0 1 1 1 1 0
1 1 0 0 1 1 0 0 1 1 1 0 1 1 1 1 0 1 1 1 0 1 1 1 0 1 0 0 1 1 1 1 1 1 1 0 0 0 0 0 1 1 0 1 0 1 0 0 1 1 1 1 0 1 0 1 1 0 1 0 1 1 0 1 0 0 1 1 0 0 0 1 1 1 0 1 1 0 0 0 1 1 1 1 1 1 0 0 0 1 1 1 0 1 1 1 1 1 0 1 1 0 0 0 1 0 0 0 0 0 0 1 1 1 1 0 1 1 0 0 0 0 0 0 1 1 1 1 0 1 0 1 1 0 1 1 0 1 1 1 1 1 0 1 0 1 1 1 0 1 0 1 1 1 0 1 1 0 0 1 1 0 1 1 0 1 0
1 0 1 1 1 0 1 1 1 0 1 0 1 0 0 1 0 1 0 1 0 0 0 1 1 0 1 1 1 0 1 0 0 0 1 1 1 0 1 1 0 1 1 1 0 1 1 1 1 1 0 0 1 0 0 1 1 1 0 1 1 1 0 1 1 1 0 1 1 1 0 1 1 0 1 1 0 0 0 1 1 1 0 1 1 0 1 1 1 1 1 1 1 1 0 1 0 0 0 1 0 0 0 1 1 0 0 1 1 1 1 1 1 1 0 1 1 0 0 1 1 1 1 1 1 1 0 1 1 0 1 1 1 0 0 1 1 1 1 0 0 1 1 1 1 1 0 0 1 0 1 0 1 0 1 1 1 1 0 1 0 1 0 1 1 1 1
1 0 1 1 1 1 1 1 0 1 1 0 0 0 1 1 0 1 0 1 1 0 1 0 1 1 1 0 1 1 1 0 1 0 1 1 1 1 1 1 1 1 0 1 0 1 0 0 1 1 1 1 1 0 1 0 0 0 0 1 0 1 1 0 1 0 1 1 1 0 1 1 1 1 0 0 1 1 0 1 0 1 1 0 0 0 0 1 1 1 0 1 0 1 1 1 0 0 1 0 1 0 1 0 1 1 0 0 0 0 1 0 0 1 1 0 1 1 1 0 0 1 1 0 1 0 1 0 0 0 1 1 0 0 1 1 0 1 1 0 0 0 1 0 1 0 1 0 1 0 0 1 1 1 1 1 1 1 0 1 1 0 1 0 1 0 1
0 0 1 1 0 1 0 0 1 1 1 1 1 1 0 0 1 1 0 1 1 1 1 0 1 0 1 1 1 0 1 1 0 0 1 0 0 0 1 1 0 0 1 1 1 1 0 1 1 0 1 0 0 1 1 1 1 0 1 0 0 0 0 0 0 0 1 1 1 1 0 1 1 1 1 1 0 1 0 1 1 1 1 1 1 1 0 1 1 1 0 0 1 0 1 1 0 0 0 1 1 1 1 1 1 0 1 0 1 0 1 0 0 0 1 1 1 0 1 1 1 1 1 1 1 0 1 1 0 1 1 1 1 0 1 1 0 0 1 1 1 1 0 1 1 0 0 1 0 1 0 0 0 0 1 1 1 0 1 1 1 0 1 1 1 1 1
0 0 0 0 1 1 0 1 0 0 1 0 0 1 1 1 0 1 0 1 0 0 1 1 1 1 0 0 0 0 1 0 0 1 1 0 0 1 0 0 1 1 0 0 1 1 1 1 1 1 1 1 1 0 0 1 1 1 1 1 1 1 0 1 0 1 0 1 0 0 1 1 0 1 0 1 1 1 1 0 0 0 1 1 0 1 0 1 0 1 1 1 1 1 0 1 0 0 0 1 1 1 0 1 1 0 0 0 1 1 0 1 1 0 1 1 1 1 1 1 1 0 1 1 1 0 1 1 1 0 1 1 0 1 0 1 1 0 1 1 1 1 1 1 1 0 0 1 1 1 1 1 1 1 1 0 0 1 0 0 0 1 1 0 0 1 1
1 0 0 1 1 0 0 0 1 0 0 0 1 1 1 1 0 1 0 1 1 0 1 1 0 0 0 1 0 0 0 0 0 0 1 0 1 1 0 0 1 0 0 0 1 1 1 1 0 1 0 1 1 1 1 1 1 0 0 1 0 0 1 0 1 0 0 1 1 1 1 1 0 1 1 1 1 1 0 1 0 1 0 1 1 1 1 1 0 1 0 0 1 1 0 1 1 0 0 1 0 0 0 0 0 1 1 1 1 1 1 1 1 1 0 1 1 1 0 0 0 1 0 1 0 1 0 1 0 1 1 0 1 1 0 1 1 1 1 0 0 1 1 1 0 1 0 1 1 1 0 1 0 0 1 0 1 0 0 1 1 1 0 0 0 0 1
1 1 0 1 0 1 1 1 0 0 0 1 1 1 1 1 1 0 0 0 1 0 0 0 0 1 1 1 1 1 0 1 1 0 1 1 0 1 0 1 0 0 0 1 1 0 1 1 0 1 0 1 1 1 1 0 0 0 0 1 1 1 0 1 1 1 1 1 1 0 0 1 1 1 1 0 1 0 1 1 1 1 0 0 1 0 0 1 0 0 1 0 1 1 1 1 1 1 1 1 1 1 0 1 0 0 1 0 0 0 1 1 1 1 1 1 0 0 0 0 1 1 0 0 1 1 1 1 1 0 1 1 1 0 0 1 0 1 1 0 0 1 0 1 0 0 0 1 0 1 1 1 1 1 1 0 1 1 1 0 1 1 1 0 1 1 0
1 1 0 1 1 1 1 0 1 1 1 0 1 0 1 0 0 1 1 0 1 0 1 0 1 0 1 0 1 1 0 1 1 0 0 0 1 0 1 0 1 0 1 1 1 0 1 0 1 0 1 1 1 0 1 0 1 0 1 0 0 0 1 0 0 0 1 1 0 0 0 1 0 1 0 0 1 1 0 0 0 1 1 1 1 0 1 1 0 1 1 0 0 1 1 1 1 0 0 1 0 0 0 0 1 0 0 1 0 0 0 1 1 1 1 1 1 1 0 0 0 0 0 1 1 1 1 1 1 0 1 1 0 1 1 1 0 0 1 0 0 1 0 0 0 1 1 0 0 0 0 0 0 0 1 1 0 0 1 1 1 1 1 1 1 1 0
0 1 1 0 1 0 0 0 1 1 1 1 1 1 1 1 0 1 0 1 1 1 1 1 1 1 1 0 1 0 0 1 1 1 1 1 0 1 1 1 0 1 1 1 0 0 0 0 1 1 1 1 1 1 1 1 0 1 1 1 0 1 1 0 1 0 1 1 1 0 1 1 1 1 1 1 1 0 0 1 1 1 1 0 1 0 1 0 1 0 1 0 1 0 0 0 0 1 1 1 1 1 1 1 0 0 0 0 0 0 0 1 1 1 1 1 1 0 1 1 0 1 1 0 1 1 1 1 0 1 1 0 1 0 1 1 1 1 1 1 1 1 1 1 0 0 0 1 0 1 0 1 1 1 1 1 0 1 1 1 1 0 1 0 0 1 1
1 1 0 0 0 1 1 1 0 1 0 1 1 0 1 0 1 1 1 0 1 0 0 0 1 0 1 1 1 0 1 0 1 1 0 0 1 1 1 1 1 1 0 1 1 1 1 0 0 0 0 1 0 0 1 0 1 0 1 0 0 1 1 0 0 0 0 1 0 0 0 1 1 0 0 1 1 1 1 0 1 1 1 1 0 0 0 1 0 0 1 0 0 1 0 1 1 1 0 1 1 0 1 0 1 0 1 1 1 0 0 0 1 1 1 1 1 1 1 1 1 0 0 0 1 1 1 0 1 1 1 0 0 0 1 0 0 0 1 1 0 1 0 0 1 1 1 1 1 1 0 1 0 0 1 1 1 0 1 1 1 1 1 1 1 0 0
0 0 0 0 1 1 0 1 1 1 0 1 0 1 0 1 1 0 0 1 1 1 1 0 0 0 1 0 1 1 0 1 1 0 1 0 1 1 1 0 1 0 0 0 1 0 1 1 1 1 1 1 0 0 0 1 0 1 0 0 1 1 0 1 1 1 1 1 1 1 1 0 0 1 0 1 1 1 0 1 1 0 1 1 1 0 0 1 0 1 1 1 0 1 0 1 0 1 1 1 0 1 1 0 1 0 0 1 1 0 1 1 0 0 1 1 0 1 0 0 0 1 1 0 0 1 1 0 0 1 0 0 0 1 1 0 1 0 1 1 1 0 0 1 0 1 0 1 1 1 1 1 0 1 0 0 0 0 0 0 1 0 1 0 1 1 0
1 0 0 1 1 0 1 0 1 0 0 1 1 1 1 1 1 1 1 1 1 1 1 0 0 0 1 1 0 0 0 1 0 1 0 1 1 1 1 1 1 1 0 1 1 1 0 0 1 1 1 1 0 1 1 1 1 1 1 1 0 0 0 0 1 0 1 0 0 1 1 1 1 1 0 0 1 1 1 1 0 0 0 0 1 1 1 1 0 1 0 1 1 1 1 1 1 0 0 1 0 1 1 1 1 1 1 0 0 0 1 0 0 1 1 0 0 0 1 1 1 1 0 0 0 1 0 1 1 1 1 0 1 1 0 0 0 1 0 1 0 0 1 0 1 0 0 0 1 1 1 0 1 1 1 1 0 1 0 1 1 1 0 1 0 0 1
1 1 1 1 1 0 1 0 1 1 0 0 1 1 1 1 0 1 0 1 1 1 1 1 1 1 1 1 0 1 0 1 0 1 0 1 1 1 1 1 1 0 1 1 1 1 1 0 1 1 0 1 0 1 0 1 1 1 1 1 1 1 0 0 1 0 1 1 1 1 0 1 1 1 1 1 0 1 0 0 1 1 1 1 1 1 1 0 1 1 1 1 1 0 1 1 0 1 0 1 0 0 1 1 0 1 1 1 1 0 1 0 1 0 1 1 1 1 1 1 0 0 1 1 0 0 1 0 1 0 0 1 0 1 0 0 0 0 1 1 0 1 1 0 1 1 0 1 0 1 0 1 0 1 0 0 0 1 0 1 1 1 1 0 0 1 0
0 1 0 0 0 1 1 1 0 1 0 1 1 0 1 0 0 1 1 0 1 0 1 1 1 1 1 0 1 1 0 0 0 0 0 0 1 0 0 1 1 0 1 0 0 1 0 0 1 1 0 1 1 1 1 1 1 0 1 0 1 1 0 1 1 1 0 1 1 1 1 1 0 1 0 0 1 0 0 1 1 0 1 1 1 1 1 0 0 0 0 1 0 1 1 0 1 1 0 0 1 0 1 1 1 1 1 0 0 1 0 0 0 0 1 1 1 0 0 1 1 0 1 1 1 0 1 0 0 1 0 0 0 0 1 1 0 1 0 0 0 1 0 0 1 1 0 0 0 0 0 1 0 1 1 1 0 0 1 1 1 0 0 0 0 0 1
0 1 1 0 1 0 1 0 1 1 0 1 1 0 0 1 1 1 0 0 1 0 1 1 0 1 1 0 1 0 1 1 0 0 0 0 1 0 0 0 1 0 0 0 1 1 1 1 1 1 1 0 0 1 1 0 0 1 0 0 1 1 0 0 0 1 1 1 0 1 1 0 0 1 0 1 0 1 0 1 1 0 1 1 1 1 1 0 1 0 0 1 1 0 1 0 0 1 1 1 1 0 1 1 0 1 0 1 1 0 0 0 1 1 1 0 1 1 0 1 1 1 1 1 1 1 1 1 0 0 0 1 0 1 0 0 0 0 1 1 0 1 1 1 1 1 1 0 0 0 0 1 1 1 0 0 0 1 0 0 0 0 1 0 1 0 0
0 0 1 1 0 1 0 0 0 1 0 0 1 0 1 1 0 0 1 1 0 1 1 0 1 1 1 1 1 1 1 0 1 1 1 0 1 1 0 1 1 0 0 0 1 0 1 1 0 0 1 0 1 0 0 0 1 0 1 0 1 1 1 1 0 0 1 1 0 0 0 1 0 0 1 1 0 0 0 0 0 1 0 1 0 0 1 1 1 1 0 1 1 1 0 0 1 1 1 0 1 1 1 1 1 1 1 1 1 0 1 1 0 1 1 0 1 1 0 0 0 1 1 0 0 1 0 0 0 1 0 0 0 1 1 1 0 1 0 1 1 1 1 1 0 1 0 0 1 0 0 0 1 1 0 1 1 1 1 1 0 0 1 1 1 1 0
0 0 0 0 1 1 1 1 0 1 1 0 1 1 1 0 1 1 1 1 1 1 0 1 0 0 1 0 0 0 0 0 1 1 0 0 1 1 1 1 1 0 1 1 0 1 0 1 1 1 0 1 0 1 0 1 1 1 1 1 1 1 1 0 1 0 0 1 0 1 0 1 0 0 1 1 1 1 1 0 0 1 0 0 1 0 1 1 1 0 0 1 0 0 1 1 0 0 0 0 1 1 1 1 1 1 1 1 0 0 0 1 1 0 0 1 0 1 1 1 1 0 1 0 0 1 1 0 0 1 1 1 0 0 1 1 1 0 1 1 0 1 0 1 0 1 0 0 0 0 0 0 0 1 0 0 0 1 1 0 1 1 0 1 0 1 1
1 1 0 0 1 0 1 1 1 1 1 1 1 1 0 1 1 1 1 1 1 1 0 1 0 1 1 0 0 1 1 1 1 1 1 0 1 1 1 1 1 1 0 1 0 0 0 1 1 0 1 1 1 1 0 1 1 0 1 1 1 0 0 0 1 1 0 1 1 1 1 1 0 0 1 1 0 0 1 0 0 0 1 0 1 1 1 0 0 1 1 1 1 1 0 1 0 0 0 0 1 1 1 0 0 0 1 1 1 0 1 1 0 0 1 1 0 1 1 0 0 0 1 1 1 1 1 0 1 1 0 1 1 1 1 1 0 1 0 0 1 1 1 1 1 1 1 1 1 0 1 1 1 1 1 1 0 0 1 0 1 1 1 0 1 0 1
1 1 1 1 0 0 1 0 1 0 1 1 1 0 0 1 1 1 0 0 1 0 1 1 0 1 0 0 0 1 0 0 1 1 1 1 1 1 1 1 1 1 0 0 0 1 1 1 0 1 0 1 0 1 0 0 1 1 0 1 1 0 1 1 1 1 1 1 0 1 1 1 1 1 1 0 1 0 1 0 0 1 0 0 1 0 0 1 1 0 1 1 0 0 0 1 1 1 1 1 1 0 0 1 0 1 0 1 1 0 1 1 1 1 0 1 0 0 1 1 0 0 0 0 1 1 0 0 1 1 0 1 1 0 0 1 0 1 0 0 0 1 0 0 1 1 1 1 1 1 1 1 1 1 0 0 1 0 1 1 1 1 0 1 0 0 1
0 1 1 0 1 1 1 1 0 1 1 1 1 0 0 1 1 1 1 1 1 1 0 0 1 1 1 0 1 1 1 1 0 1 1 0 0 1 1 1 1 0 0 0 0 1 1 1 1 0 1 0 0 1 0 1 1 1 0 1 1 1 0 1 0 0 1 1 1 0 0 1 0 0 0 0 1 1 1 0 0 1 0 0 0 1 0 1 0 0 0 1 0 1 0 1 0 1 1 1 1 1 1 1 1 1 1 1 1 1 0 1 0 0 1 0 1 1 0 1 1 0 1 1 1 0 0 1 1 1 1 0 1 1 1 1 1 0 1 0 0 1 1 0 1 1 0 1 0 0 1 0 1 1 1 1 1 1 1 0 1 0 1 1 1 1 0
0 1 1 0 1 1 1 1 0 0 1 0 1 0 1 1 0 0 0 0 1 0 1 0 1 1 0 1 0 1 1 1 0 1 1 1 0 0 1 1 1 0 0 1 0 1 0 1 1 1 1 0 1 1 0 1 1 1 0 1 0 1 0 0 0 1 0 1 1 1 1 0 1 0 0 0 0 0 1 1 1 0 1 1 1 0 1 0 1 1 1 1 1 1 1 0 0 1 1 1 0 1 1 0 1 1 0 1 0 1 1 0 0 0 1 0 0 0 0 1 1 0 0 1 1 0 1 1 1 0 0 0 1 0 0 1 0 0 0 0 1 1 1 0 1 0 0 0 0 0 1 1 0 0 0 1 1 0 1 0 1 1 0 0 0 1 1
0 1 1 1 1 1 0 1 1 1 1 1 1 0 1 0 0 1 0 1 0 1 0 1 1 1 1 0 1 1 1 0 0 0 1 1 1 1 1 0 0 0 1 1 0 0 1 1 0 1 0 1 0 1 1 0 1 1 1 0 0 1 0 0 1 1 0 0 1 1 0 1 1 0 1 0 0 1 0 1 1 1 1 1 1 1 1 0 0 1 0 0 1 1 0 1 0 1 1 1 0 0 0 1 0 0 1 0 1 0 1 1 1 1 1 1 0 0 1 0 1 1 1 1 1 1 1 1 0 1 1 0 1 1 0 0 1 0 1 1 1 0 0 0 1 1 1 1 1 0 1 1 0 1 1 1 0 1 0 0 0 1 1 1 1 0 1
1 1 1 1 1 1 0 1 0 1 0 1 1 1 1 1 0 0 1 1 1 1 0 0 1 1 0 0 1 1 1 1 1 0 1 1 1 1 0 1 1 1 1 0 1 0 0 0 0 1 1 0 0 1 0 1 1 1 0 0 0 1 0 0 0 1 1 1 0 1 1 1 0 0 1 1 1 1 0 1 1 1 0 1 1 0 1 0 1 1 0 1 1 0 1 1 1 0 0 1 0 1 1 1 1 0 1 0 1 1 0 1 0 1 1 1 0 0 1 1 1 1 1 0 0 1 1 1 1 1 1 0 0 1 1 1 1 0 0 1 1 0 1 1 0 1 1 0 0 1 0 1 1 1 1 1 1 0 0 1 1 0 1 0 1 0 0
1 0 0 1 1 0 0 1 0 1 0 0 1 1 0 1 1 1 0 0 1 0 0 0 0 0 1 1 0 0 1 1 0 0 1 0 0 1 0 1 1 1 0 1 1 0 1 0 1 1 0 0 0 0 1 0 1 1 0 1 1 0 0 1 1 1 1 1 1 1 1 1 0 1 0 1 1 1 1 0 1 0 1 0 1 1 0 1 0 0 1 1 0 0 0 0 1 1 1 0 0 0 1 0 1 1 1 1 1 1 1 1 0 0 1 1 0 1 1 1 0 0 0 1 1 0 0 1 1 0 1 0 0 1 1 0 0 0 1 0 0 1 1 0 1 0 1 0 0 0 1 0 0 1 1 0 1 0 1 0 0 0 1 0 1 1 1
0 1 0 0 1 1 1 1 1 0 1 1 0 1 1 1 1 0 1 1 1 0 0 1 0 0 1 1 1 1 1 1 0 0 1 0 1 1 1 0 0 1 1 1 1 0 1 1 1 1 0 1 1 1 0 1 1 1 0 1 1 0 1 1 0 0 0 1 1 1 1 0 0 1 0 0 1 0 1 1 1 0 1 0 0 0 0 0 1 0 1 1 0 0 0 0 0 0 1 1 1 0 1 0 1 1 0 0 1 1 0 1 1 0 1 1 0 1 1 0 1 0 1 0 0 1 0 0 1 1 1 1 0 0 1 1 0 1 0 1 1 0 1 1 0 0 0 1 1 1 1 1 1 0 1 0 1 1 0 1 1 0 0 1 1 1 1
1 0 1 1 1 1 1 1 0 1 1 1 1 0 0 1 1 0 0 1 1 0 0 1 1 0 1 0 1 1 1 0 1 1 1 1 1 0 1 1 0 0 0 0 0 1 1 0 1 1 1 0 1 0 0 0 0 1 1 0 0 1 1 1 1 1 0 1 0 1 0 1 1 0 1 0 1 1 0 1 0 1 1 1 1 1 1 1 1 1 0 1 1 1 1 1 0 1 1 1 1 1 1 1 1 0 1 0 1 1 0 0 1 0 1 0 1 1 1 0 0 0 0 1 1 1 1 1 1 1 0 1 1 0 1 1 0 1 1 0 0 1 0 1 1 0 1 0 1 1 1 0 1 1 1 1 0 1 0 1 0 1 1 1 1 1 0
1 1 1 1 0 0 1 1 1 1 1 1 1 0 1 1 1 1 1 1 0 0 1 1 1 1 0 0 0 0 0 1 1 1 0 1 0 1 1 0 0 1 0 1 0 0 0 0 0 1 0 0 0 0 1 0 1 1 1 0 0 1 1 1 1 1 1 0 1 0 0 1 1 0 0 1 0 1 1 1 0 0 1 0 0 0 1 0 0 0 0 0 0 1 1 1 1 0 1 1 0 1 0 0 1 0 1 1 1 1 1 1 1 0 0 0 0 1 0 1 1 0 1 1 1 0 1 0 1 0 1 1 1 1 1 0 0 1 0 1 0 1 1 0 1 1 0 0 0 0 1 1 0 0 1 0 1 1 0 0 1 1 1 1 1 1 0
1 1 0 1 0 0 0 0 1 1 0 1 1 1 1 1 1 1 0 0 0 0 0 0 0 1 1 1 0 0 1 1 0 1 1 0 1 1 0 1 0 1 0 0 1 1 1 1 1 1 1 1 1 1 1 1 1 1 1 1 1 0 0 0 1 1 0 1 1 1 0 1 1 0 1 1 0 1 0 1 0 1 0 1 0 0 1 1 1 0 0 0 1 0 1 1 1 1 0 0 1 0 1 1 0 1 0 1 0 0 1 0 0 0 0 0 0 1 1 1 1 1 0 1 1 1 0 1 1 1 1 1 1 1 0 1 1 0 0 0 1 0 1 1 0 1 1 0 0 0 1 0 1 1 1 1 0 1 1 0 1 0 1 1 1 1 1
0 0 1 0 1 1 1 1 1 0 1 0 1 1 0 1 1 1 0 1 0 0 1 0 1 1 1 0 1 1 1 0 0 1 1 1 0 0 1 0 1 1 1 0 1 0 1 0 0 1 1 1 0 1 1 1 0 1 1 1 0 1 0 1 1 1 0 1 1 1 0 1 1 0 1 1 1 0 0 1 0 1 0 1 0 1 1 1 0 1 0 1 1 0 1 1 1 0 1 0 1 1 1 0 1 0 0 1 1 0 1 1 1 1 0 1 1 0 0 1 1 1 0 0 0 0 0 0 0 1 0 1 0 1 1 0 1 0 1 0 0 0 0 1 0 1 1 1 1 0 1 0 0 1 0 1 1 0 1 0 1 1 1 1 0 1 1
58 8 82 95 11 150 32 56 98 96 59 155 3 48 38 167 94 4 96 141 70 128 87 61 10 100 96 56 70 60 39 28 92 102 5 97 48 73 83 12 31 109 81 37 45 56 91 132 25 26 23 39 46 150 83 39 62 138 53 21 49 20 62 75 43 9 91 5 33 67 41 160 18 164 21 66 66 107 67 133 106 89 47 143 41 114 102 142 64 100 51 124 86 107 101 23 80 162 46 145 75 59 35 48 103 167 35 50 56 139 93 74 76 141 84 160 25 114 44 23 76 33 41 1 30 80 19 133 90 102 54 102 28 123 13 142 59 50 29 12 14 83 63 159 43 59 41 44 98 147 25 104 67 144 15 4 10 19 104 52 40 43 29 61 83 163 7 148 93 124 15 41 82 130 33 69 4 8 14 53 90 125 10 70 61 99 4 141 29 150 71 165 74 65 57 30 37 5 97 150
