1000
9276 7697
1635 7314
-2061 -8372
1519 -1327
4101 -1568
2620 947
1056 -3787
-3503 4669
-3377 -2206
6938 -3217
-307 9226
7816 -3808
-1561 -9387
-691 -6843
-4581 -1186
-3488 5431
-903 -8952
-7324 4499
-6828 7036
-8180 547
-8506 3625
9838 4440
-890 2550
6697 -7313
-4178 2085
1311 3635
9827 5515
2481 -4521
-5011 -1733
3433 -8210
7221 -3240
-2192 9945
4444 -7330
9706 -3164
3735 3968
-2407 -8473
2319 5230
-5868 -6217
-3530 -8571
-133 -9171
4465 2292
-2192 -8822
-6990 644
5263 -9711
8431 -2001
4759 -1303
-5006 2005
4675 8920
-7892 5791
-241 734
-1387 5844
1074 3705
7488 -9068
-7638 1558
2388 -6041
6251 -1419
-241 -6795
201 -9589
7052 2769
7120 -4535
4162 5484
-6159 -1768
-2848 5508
1299 4868
-4398 -740
-8544 -8941
4764 4215
5148 2530
-9559 2252
2563 3862
-7557 -819
-1262 -1185
-4422 -1446
7676 8939
-5596 -7369
4467 4796
-6972 4918
427 8308
3176 180
5793 -8274
9137 5131
-4302 7249
-3868 253
-7494 -9154
1060 -7075
2106 1421
6588 -145
8410 -9156
9783 -7833
-5202 6086
-2766 -9460
5458 9265
3925 263
6795 -4115
-6036 -6547
8584 -1060
-3810 -6899
3355 -5717
-8519 -1326
1599 2213
-6366 2542
8749 -9943
-9099 -9777
8742 7159
-403 7036
7576 9892
9157 6832
-2905 -613
5272 -566
2887 -9758
-817 5588
8690 1472
2107 1725
6751 -1603
-9390 -60
8834 -1650
-1593 -9404
7171 7584
4743 -4340
-7304 5913
5805 -5659
7525 6625
-3988 1314
7100 -9028
-8786 7636
3225 -12
7812 397
8474 -1733
6664 -3729
6211 5225
9927 3626
574 5046
2630 -1666
346 -2254
-9989 -6275
-5582 -605
-3980 2169
9835 -8057
-7085 -1616
-7628 6936
-3076 -5870
879 1949
-9784 -8912
-2641 -4294
-9069 3232
-6790 -6430
8616 -9141
-4455 3785
7883 -2402
1324 2244
-8361 7894
-3585 5742
7686 -5989
2395 -3749
-6813 6953
-8917 1119
-6931 -3537
-6097 -1685
4021 9637
2870 1262
1184 1304
2163 6080
-3783 -3847
3751 4061
-3695 -5900
-8005 -4925
-9182 -5704
-1693 -1590
1013 4856
1809 7054
-1827 552
7015 -755
3912 -2406
-2768 -9082
-1468 -2067
9237 6454
-1114 9717
-4130 -2247
8166 5104
9204 5973
-8951 -9177
-4881 7551
-7686 8219
-573 -222
-6816 3327
-6120 -8764
-3167 -2291
5304 7247
4518 -9255
-4970 8888
5342 9402
9119 -9380
-1627 -5772
5684 -8659
7315 -7109
-6286 1241
-4856 4716
-713 -4815
1315 -2542
7138 8714
6302 4499
8560 7370
969 -6864
-9767 216
-896 -8161
-8758 -4736
-4116 -9202
-8621 6713
8055 609
3500 7063
-5344 1722
-7210 3566
5103 -199
3611 2077
791 -7230
3621 -2899
-5529 -6555
-3419 2181
-7602 1793
3632 -3185
-1569 -2146
-1347 4874
1588 4315
-5076 32
-6553 -4005
4069 4776
-5306 -1896
7905 6859
-1064 6149
8919 1516
8618 6079
9524 2540
-8927 9441
1234 -7542
-4375 -6529
1326 -8781
6093 4056
-1629 6331
-3637 -2319
28 -353
-9225 -190
7914 -5903
-9044 -4531
7970 2171
-6312 -3756
8675 6889
-4219 8658
4451 4552
7010 -3146
-3322 -4314
-3095 -7365
6691 4356
687 9350
-6616 -8586
-2587 3402
-6788 3412
3862 -1812
9 7479
-350 4818
7415 -2021
-8780 -310
-5300 6090
642 -2999
3855 9152
-8810 -5996
-7009 -9467
1241 -5553
-6203 9682
7448 -8072
5330 -2819
6946 -5139
-599 4895
2374 808
-8022 9410
-2611 8376
-5581 9393
1836 -1391
1962 -881
-1729 8830
9187 -4182
-7297 -4187
260 -7822
8213 3945
2225 4058
7591 5661
6875 -2444
8803 889
-8303 -3724
-4313 1177
-4095 -9972
9421 -572
4390 324
5796 -2391
-7208 -3648
-1478 -9581
-3767 -8021
-5843 -2422
7875 6493
-3097 -7630
4384 100
4008 -9153
1736 1259
7535 2811
-9660 -214
-186 9574
-997 -7402
-726 -4413
-451 -6607
-255 -4930
-4510 2341
672 4620
-7802 -1925
-9080 4829
3552 -9927
173 -2176
-4977 -2064
5547 -9466
-303 6759
-7103 -566
-991 38
-1012 2711
4651 8012
7757 8262
-6667 -5800
6541 -6146
8474 -4825
3250 -2787
8394 -9328
7097 4170
8346 -1702
2586 -6377
-5843 -6631
6481 -1867
7568 3854
-9756 9378
-1558 -7071
7293 -768
-2505 -6907
-2707 5050
5256 -2820
2355 -9814
-6249 3731
755 -8043
2479 8497
-3204 -2147
-2172 826
547 9382
-6132 1985
-7809 -6620
9111 7788
-9283 8788
-1980 -2447
646 8010
-588 1867
9047 4291
4477 -5332
4751 -2246
-289 8228
6725 -8141
-3936 8543
-4279 9873
9256 3892
-7771 6268
6001 9476
7264 -5580
9560 5112
-7335 4333
-1305 -6067
5800 3311
-6046 4459
9127 1200
5306 8431
3011 231
2090 -8630
9913 -264
-4038 8154
2046 -4366
8254 -4782
-8954 4275
5047 4255
-633 4662
-1005 4608
4893 2032
-8305 4042
-1499 693
8245 -4351
-9568 -2372
7859 3552
4922 3443
9532 -3699
-5545 4835
6821 -4506
-2936 2853
-6520 5075
-669 -1890
-7228 4880
-4160 5050
-2917 -1881
-7839 -9267
1426 -4870
-2868 662
4642 -3976
9576 -6084
7360 2502
5155 850
-7963 3244
5090 9611
2464 8858
285 -7846
-3384 2297
-2823 9616
4667 -612
3859 3017
3750 8102
9584 6020
-3318 -8472
-6096 -6932
-3015 -8676
178 -6520
682 -9303
3941 -4666
-8703 -929
-5719 -969
1185 113
-7590 4567
535 4153
9893 -4061
8956 -4798
9656 3752
-3876 -942
587 5593
8661 2806
482 4491
4324 -8002
-7305 7013
8699 -8642
430 6636
-7981 9996
-3539 4711
-4370 -444
-6291 -4776
1163 6166
7720 -6398
7354 120
5530 3729
-678 -6522
2636 -7531
3313 -5665
-3666 9471
2836 -6011
-4653 -971
-4334 1535
-2117 2129
-6807 -2315
3594 696
5920 -1177
-8659 7303
-9094 -2916
3556 9062
2791 4612
4443 -914
1556 -7887
-3552 -6569
-7098 -8779
-4790 -866
8164 2090
-6375 557
9039 -9818
-5781 -2140
8557 8584
-2593 7813
5117 4477
-8439 -1251
-5837 2375
-6661 1469
-9444 6954
5419 7782
-8786 -1536
-315 8219
-2646 -9532
2559 4895
-8196 -8130
-7948 2536
-9603 7195
5779 -7377
-9563 8954
-217 9539
-1712 1906
-5719 -2303
9166 -1197
-4243 -6028
-8245 6074
-9110 -8824
5747 9321
6141 575
-8178 -6899
-8677 -1300
7589 9979
7174 -6625
-4001 7986
3292 -694
-1155 -7212
1046 -6925
-2876 3485
-7712 1679
5651 -3709
-7635 -1955
-4427 7406
6727 -6744
183 7672
-9226 2869
7921 -1642
-1663 -7903
-8175 5510
-152 -8137
1169 -5824
-6684 -6860
-7432 -9986
3499 4362
-3959 -308
2335 5787
-9816 -8308
5451 1053
661 -7891
9782 -1470
7751 -9156
-798 6908
5357 5673
-2465 3891
5755 7182
7710 7384
6876 -6724
-6709 -8974
1740 5796
-8159 3142
-4718 7781
9474 4176
-4771 -4534
-2424 4925
9807 5890
3087 -6290
-9382 7559
3232 8641
-1115 5975
-490 7119
855 -9008
-5732 -6428
-5401 -2268
9880 -6089
7054 6339
473 -8279
2250 8688
-9494 -3701
7576 3831
-3926 -5566
-1856 7383
4942 9161
7802 -1238
-8910 -5474
-8354 -6961
-5969 -3048
524 2501
6585 -1700
2211 1475
-5833 6466
4539 -4383
-9343 4640
-9061 -6859
6973 -8836
-4402 8515
2250 -6953
-7792 3743
8857 -2807
1719 6362
9402 9947
-3101 -283
-7781 -6567
-1915 3776
-4749 5156
1622 6649
8618 -582
-9590 -7486
-4345 9276
-9560 7701
2568 -7372
-7973 -3962
9781 -5181
2012 -5765
6950 8639
4938 -9917
-199 2704
2489 8190
1966 -1628
-6472 -9425
3576 7217
-7012 1503
4017 2194
1470 9750
7452 6024
5005 1910
7949 20
4839 7032
-8732 7730
2721 -6797
-6713 4570
-6374 -2340
-4150 -560
7812 6115
3042 4168
-2263 -8660
-805 -3382
5165 725
476 -6788
5589 -3365
8546 -2072
4300 594
-2374 6495
577 -860
2343 -4754
9816 9651
-2689 1982
-8578 9794
2262 -487
-6319 5586
6927 -4696
-1725 1418
8496 -7526
-4313 -6560
-3573 -4676
-396 -8724
-1778 -5027
7820 -6096
-604 5848
-8905 -5250
-5599 -8260
3722 7263
7058 1712
7577 1497
-2917 -680
976 7610
-972 -9638
-7163 5603
5395 -6124
-4448 -5124
-7496 -8177
-3204 5156
5413 726
-3426 -9031
-4281 -5191
-7099 -2331
-5067 120
8184 2976
-5527 8343
-2337 5761
3371 -2092
-1729 8639
595 8751
8980 -2540
-1312 -4010
-2187 -5468
6041 1192
8270 962
1931 -2194
-1033 -5156
-1134 7650
-5878 1869
-8803 151
-1506 -7694
4419 -7978
-70 6157
1148 -5858
9245 4553
8365 -8257
-5914 8225
9110 -2947
8245 1899
-7139 1503
9309 6515
7712 1144
-1206 -5372
6497 -3422
3081 -732
-2074 4046
6068 -8425
4084 -7655
-7161 -4001
6904 -8416
9680 8437
6662 5270
-7677 -6234
5665 2124
-6373 6921
-212 4879
-3977 9288
-6083 -2500
430 1170
-9562 6766
-2835 -6489
-8562 -5283
-2938 -6767
-768 5522
7107 -3746
-5309 -7511
7759 3139
6905 7705
-170 6434
3355 -1078
-6199 -191
-4550 -6856
-3004 -3823
7347 -4281
8837 3779
3642 4137
8854 -3998
-4412 5081
-3045 -7731
-1477 4820
3661 -9586
3553 -434
-2729 1420
-2145 458
9381 3453
9615 7562
-9294 9534
-4289 -8583
-6512 -5945
7834 9410
3548 8677
-5320 1476
-7091 -1246
1023 268
-8560 -135
279 5898
-4536 5102
-7126 -6167
643 -912
8893 -2919
-5356 -3624
-4089 4860
6277 -8298
-4243 1622
1033 9765
8443 -6409
1420 -9067
-313 9475
-3905 4329
-5806 7063
2961 -6113
5341 826
1011 4778
-9782 8216
-4703 -8346
-1969 9111
3972 -3707
-2004 294
8268 -3399
-7281 3753
3697 -699
-3414 7514
3341 -4883
5798 2626
-311 9436
9675 6345
-2829 9002
132 5017
-415 8182
6188 350
-4186 4882
7528 -5781
865 6138
-7261 -4476
9277 -866
4787 -8190
9324 2974
4443 -8626
4000 2665
-1547 -3406
-7061 -9959
5395 -1871
-6854 110
-5356 -4472
2230 2731
-6035 -9168
-4948 8044
534 -8507
-2983 2269
-8597 3274
5084 -7353
1973 6191
7565 761
-6574 -7231
-637 -2083
-5690 1880
-9991 2302
8764 9705
-8415 9507
2238 -6592
-5760 3816
1860 2555
4049 -4356
7914 -7605
2021 7418
-9935 9317
5508 -6543
4218 -1609
1160 -575
3694 3997
-7771 -9477
2825 8004
4062 -7762
8097 1589
4997 5647
-537 335
9242 5589
-8766 7676
6423 -357
-2938 9148
8465 -5204
-5395 -6521
1870 326
9751 5176
-827 -6970
-6447 -202
-5846 1402
-8 2730
-9329 8216
216 -1911
4776 2020
-2390 6031
59 370
-9986 -1156
-2008 -7166
-2370 -2924
-3093 -7191
3135 -1412
-6236 8778
-8192 -761
5389 2937
-9309 -8286
796 9543
4112 -2965
1476 -2180
9840 -5672
6711 -7396
2974 -6198
2646 -3229
-395 2988
6416 6990
6152 3588
-7824 -6676
-7898 -4361
4878 -7708
1581 -9738
8328 -3381
-3837 2272
5659 -875
3297 -9725
-9045 -2865
-261 3137
6940 4018
-9211 -7287
5702 -4062
9281 -3253
6687 2118
5442 5433
-8928 5215
7507 3896
4159 2303
8922 -912
7712 -1161
4316 -8563
8064 3371
-9494 -2387
7103 9019
3038 245
-690 4043
6333 179
3278 -8636
-165 5614
-2601 -35
-4820 -8371
5526 -1528
7127 -7313
1775 -3963
4876 2401
3839 -513
9210 -807
3158 1903
-2725 9716
-3687 261
-9344 6665
-3156 1976
3340 6990
-1044 -9877
88 -6825
-5195 6356
-8820 1621
4308 6683
-7280 8307
708 -7564
-1725 3948
-6859 -5453
2803 -2514
-6446 6300
-7087 -9922
6743 -132
-8156 -6430
6912 9939
-9938 1536
4712 -4132
8576 -3497
8124 5869
2552 9756
4415 -1216
1220 1624
-4428 -4876
-3977 5848
9686 -4934
7718 5178
5256 -6760
-540 -9369
-5799 -1649
-1709 -2344
9193 7465
9686 -5295
1208 257
-3874 8262
8019 -4316
4469 5030
-3346 2434
3910 -7959
4241 2226
7292 6286
1464 3927
7168 5010
1994 -3279
1424 -3372
4285 2547
13 9715
-5579 -170
-9913 -301
-2039 5629
7666 -7435
7595 -7668
1119 2135
528 -9399
2827 -8619
7667 -5230
8697 -3528
7834 -868
2205 5865
8846 -172
8728 -6371
9697 -517
9313 -1259
4792 -5882
6099 9400
8317 -7247
-8562 3765
-7748 5912
6513 2557
3938 -867
3903 -4308
-1484 1606
7090 -1048
-8830 -7297
-1117 -4353
-724 -9984
-4149 -2389
2704 -1027
-557 -4836
-9084 -2504
250 -4457
5660 9233
1497 1688
-9403 7913
-6602 -5638
-3594 887
8845 7301
-3747 4923
3978 5935
7934 -6225
-6209 -7139
473 -6437
-1112 -358
1158 -6823
674 8332
-9773 2074
-2341 7276
-4684 5887
152 5508
9870 -7735
3152 3550
-2797 -3723
7552 1998
-5715 -191
3584 1530
4391 -7780
-4217 7376
-6630 -8784
