1000
540 959
381 625
115 833
432 691
799 841
153 180
513 716
631 725
129 276
48 230
306 630
142 949
527 531
386 979
268 419
228 403
136 960
75 205
638 970
118 769
623 831
301 345
339 933
422 615
4 62
368 663
613 986
518 862
248 492
112 849
20 252
340 980
389 546
407 711
536 877
367 832
134 500
64 839
419 838
481 806
821 843
181 201
416 786
51 630
664 901
36 743
83 505
16 246
775 981
517 957
142 652
237 504
628 653
47 695
492 501
687 880
433 675
461 868
849 920
92 866
821 835
326 902
271 918
252 573
46 882
51 121
358 376
356 907
364 603
208 403
456 635
131 895
69 115
918 945
37 387
136 560
39 872
142 239
164 310
708 746
46 868
111 775
371 578
131 942
326 887
134 150
397 522
266 943
211 865
214 252
350 600
472 813
52 741
403 966
216 713
112 614
575 581
389 511
521 946
454 624
760 956
282 759
377 706
226 571
440 940
540 823
142 988
364 884
40 682
287 608
395 751
223 328
327 964
625 840
646 837
250 597
361 954
12 880
458 738
583 678
250 759
392 570
747 934
140 276
616 916
100 364
667 675
346 692
640 884
477 972
574 882
189 427
287 659
25 201
469 785
55 719
625 896
463 995
740 911
135 879
8 588
243 675
263 288
22 903
346 524
407 733
512 920
207 596
171 797
584 640
639 934
711 830
174 616
527 826
266 313
274 406
253 650
517 950
290 972
772 814
318 857
573 590
369 521
149 892
671 733
532 605
243 724
340 788
770 966
36 219
625 631
311 885
261 627
402 917
526 585
84 903
384 657
105 845
179 994
850 998
727 882
803 807
478 595
143 248
362 913
284 545
339 947
430 967
184 208
145 236
320 710
48 446
330 893
552 861
239 902
318 711
136 870
121 614
616 818
214 731
330 499
276 670
58 446
7 989
225 242
152 305
553 898
103 580
7 798
38 441
504 909
46 708
374 830
192 660
227 446
777 924
552 726
524 799
611 788
205 883
365 388
263 510
293 966
195 443
636 973
833 883
140 542
281 867
293 372
59 170
520 983
246 299
98 888
123 499
358 886
252 704
98 567
391 867
63 533
506 835
51 668
544 741
22 210
411 934
316 470
457 836
756 806
435 694
855 910
545 741
249 268
345 719
168 213
53 110
297 628
31 912
318 653
575 880
28 986
344 815
272 457
532 615
28 967
235 661
206 229
850 977
322 807
569 976
31 887
381 867
293 329
647 899
474 947
527 975
694 813
270 671
203 318
237 699
523 898
104 934
104 911
911 954
523 586
239 825
555 621
236 693
592 914
213 883
418 762
231 540
457 563
775 853
90 119
474 642
340 409
746 796
53 672
258 708
299 928
436 483
129 920
71 187
73 954
752 843
645 717
75 174
208 280
301 327
723 776
63 321
420 537
209 860
825 920
753 820
219 256
492 589
660 737
31 162
615 783
5 684
80 780
210 341
713 863
20 436
694 991
528 851
114 711
90 291
262 983
44 203
518 633
47 607
78 646
613 769
213 774
297 346
207 859
687 920
707 722
356 714
401 559
594 867
271 684
158 254
555 946
809 816
188 208
186 423
544 638
204 799
448 671
550 878
237 307
150 382
858 944
448 698
42 417
565 688
724 727
25 295
456 631
819 842
17 617
358 655
157 514
185 859
409 958
63 265
213 646
943 999
423 447
641 840
490 558
569 881
528 634
265 946
336 788
353 437
758 795
9 272
220 304
262 809
630 872
628 880
437 879
860 923
679 916
52 521
475 933
442 461
388 813
150 727
164 529
287 503
311 864
615 911
85 720
67 230
110 944
47 733
323 341
20 945
239 997
66 893
283 335
96 528
607 724
246 253
102 123
434 892
155 966
401 403
227 631
523 822
741 870
256 435
201 545
136 455
550 701
185 203
36 83
112 634
42 880
165 717
334 961
599 653
116 352
56 343
231 984
77 866
101 474
512 998
27 320
134 930
21 337
115 409
749 772
522 814
591 982
316 979
553 930
669 969
378 635
365 971
583 609
48 62
410 913
60 437
194 585
367 958
835 884
8 719
584 593
566 823
154 185
235 738
437 556
424 759
476 934
395 895
60 795
822 957
369 708
259 645
916 979
152 603
323 814
160 398
335 916
101 317
842 904
191 631
460 951
55 747
450 779
839 994
245 304
13 306
273 673
941 951
252 555
93 418
230 254
168 498
485 941
783 952
143 741
202 414
446 469
226 301
271 295
417 517
431 599
625 823
56 774
566 660
12 681
78 263
246 266
559 762
66 84
343 825
109 209
8 379
680 931
202 586
328 355
279 719
786 894
194 904
21 823
54 206
284 835
318 453
432 883
319 364
498 707
59 144
169 876
100 419
5 556
236 654
374 713
499 516
620 772
46 641
252 947
48 782
366 889
587 772
150 952
0 91
11 587
180 411
463 831
372 632
188 287
608 901
13 476
753 985
151 601
548 979
27 403
644 683
270 745
416 895
574 859
247 938
658 799
470 614
103 841
382 986
742 947
107 635
740 775
92 376
71 891
647 925
98 608
195 291
60 230
90 157
689 919
70 95
348 565
541 685
20 23
114 923
322 911
98 573
651 666
474 895
89 399
540 542
359 833
735 942
178 893
99 165
194 867
567 587
111 272
109 484
384 648
598 970
172 647
68 299
190 895
194 631
88 646
6 171
259 273
300 519
399 437
36 656
623 945
56 224
248 685
892 896
421 491
69 218
15 639
557 720
534 914
180 188
354 360
538 627
838 971
146 408
182 589
416 534
158 992
406 943
677 835
99 654
678 872
520 693
240 511
250 397
439 506
860 930
151 820
474 839
11 986
234 600
520 650
135 678
430 643
320 436
90 265
771 944
315 643
178 989
240 883
576 741
31 858
534 953
678 793
8 689
131 242
642 651
129 244
682 887
118 559
560 824
209 683
120 876
110 327
54 562
630 702
304 733
609 840
519 619
402 979
533 560
202 221
537 817
219 331
242 705
337 617
419 898
300 539
774 979
649 829
351 542
198 811
436 652
55 807
171 562
34 83
95 607
286 632
425 969
482 851
212 541
99 631
439 751
214 522
172 731
395 625
206 875
312 823
210 982
719 733
106 544
817 992
455 713
490 976
180 424
324 988
423 721
512 971
175 494
78 258
18 473
883 893
32 58
205 242
40 925
937 976
31 793
96 281
257 600
24 939
263 437
365 510
39 336
23 566
101 182
200 824
575 707
94 607
299 765
157 201
177 576
446 959
322 727
274 408
337 347
299 774
16 962
1 637
660 704
887 919
743 761
87 688
181 802
567 647
833 849
77 409
378 875
53 721
129 955
292 327
828 978
418 790
55 994
144 699
63 715
586 829
673 807
517 961
207 517
40 881
366 958
96 801
185 874
140 501
3 829
432 831
159 203
154 974
118 258
205 326
143 533
507 692
24 168
375 654
535 893
611 767
569 845
30 708
209 443
171 799
390 955
550 982
158 308
56 769
261 778
312 447
756 954
4 924
330 658
224 652
419 545
390 835
340 895
136 421
105 592
287 847
269 899
397 410
453 930
179 708
66 978
20 822
25 932
99 614
35 751
581 838
26 522
215 971
744 921
378 703
336 990
226 588
611 975
541 998
177 429
250 847
270 507
22 439
121 647
35 405
224 244
98 968
291 622
313 543
16 36
724 922
6 500
312 970
310 475
511 904
761 839
104 346
126 384
137 383
543 599
418 823
139 386
273 761
30 587
66 304
578 603
142 962
78 455
284 554
117 795
810 957
266 909
293 655
145 392
343 676
40 447
166 179
185 440
215 292
379 948
334 633
527 776
648 957
583 932
700 863
674 728
9 637
17 292
282 685
162 310
28 202
109 547
295 733
25 339
70 862
496 973
404 500
53 624
207 810
673 985
65 907
699 917
54 992
688 934
29 448
409 999
108 650
383 956
647 755
618 760
717 733
114 122
586 738
396 527
297 864
204 421
121 282
336 473
465 759
377 494
207 376
209 903
212 836
592 944
704 859
562 929
28 790
51 376
118 930
124 415
545 794
428 619
18 445
765 835
142 556
116 329
585 870
58 325
622 797
8 650
564 678
468 937
340 592
196 710
622 672
125 769
97 218
197 588
314 542
424 450
105 808
566 678
42 244
89 191
91 866
200 896
489 656
248 717
182 913
804 959
436 586
156 925
123 533
96 427
437 872
598 878
444 978
372 628
688 717
564 906
764 809
155 465
605 872
713 787
24 137
723 944
461 869
231 346
328 344
774 782
4 200
530 732
360 448
489 903
78 467
747 887
583 902
540 704
769 774
680 912
624 794
607 987
219 845
190 953
79 899
324 451
56 83
884 982
237 416
373 846
472 704
85 639
375 789
179 501
859 911
57 765
105 835
664 681
676 969
223 575
49 547
26 484
360 955
368 723
93 597
570 653
566 655
292 293
472 797
146 708
264 331
167 765
369 781
45 200
423 750
151 972
322 350
277 636
4 63
0 660
98 922
16 314
930 958
309 727
430 807
114 787
71 904
440 633
37 185
787 837
161 608
291 930
