92
6394 1858 -2756 -2675 3587 2667 -7361 4985 116 5218 -9364 1318 4521 -381 1952 7399 -7366 6276 5771 -2590 -9337 -2987 2659 -5895 2146 -146 5629 -4554 260 2453 -4765 -1346 2664 2479 -5669 -1749 3499 3322 1589 -4385 541 2225 -4715 3414 197 -4410 2814 2831 -6134 6937 -1407 882 -4050 -396 -6661 -3552 -8541 -9032 -9754 -9929 -8226 -4518 5077 -7210 -3687 -2240 7393 -8188 -6918 982 3780 3623 1560 -2583 -962 109 -8641 204 1292 1578 5493 -1763 812 -205 7842 4151 -5405 -2347 5119 -5158 -2276 6893
29 18
6 24
15 82
62 75
12 83
20 49
18 15
8 13
1 19
87 20
12 61
14 67
16 79
22 46
68 28
10 51
3 7
39 22
40 77
15 14
33 13
4 85
33 78
2 1
26 20
72 3
19 50
14 36
31 10
32 74
9 27
30 16
66 14
45 44
80 44
1 25
7 21
62 22
40 22
29 58
4 2
27 28
56 48
37 70
59 12
34 41
84 44
1 3
9 60
34 73
4 23
4 65
43 26
10 2
35 52
38 16
58 81
76 34
92 21
2 5
12 16
4 6
63 58
3 57
54 91
37 8
12 11
6 17
32 20
45 53
48 3
55 25
47 46
42 1
8 71
10 20
5 34
35 2
88 29
1 11
3 64
8 5
22 21
89 38
54 51
90 3
69 31
7 9
44 24
14 2
17 86
