92 165
1 621
1 848
2 39
2 937
4 750
3 544
5 676
7 809
2 317
1 231
11 56
8 136
2 186
14 876
12 924
6 482
15 1
1 431
10 290
7 947
21 446
4 777
6 104
1 855
20 335
9 599
27 873
18 555
16 303
10 916
20 828
13 474
5 78
2 866
14 623
8 110
16 5
22 540
22 174
34 880
1 831
26 601
24 563
44 816
22 937
46 795
3 832
20 295
19 875
10 980
35 675
45 916
51 30
25 140
48 201
3 414
29 849
12 437
9 521
12 628
22 335
58 277
3 745
4 779
14 83
14 820
28 550
31 789
37 542
8 133
3 298
34 124
32 912
62 557
34 163
40 945
33 661
16 368
44 145
58 375
15 608
12 336
44 281
4 440
17 51
20 563
29 470
38 846
3 597
54 868
21 641
