92
395 859 245 326 588 668 640 986 117 219 637 319 522 620 953 400 635 277 772 411 664 14 660 106 147 855 630 447 261 454 236 655 665 480 332 252 500 323 590 616 542 226 286 415 198 591 815 832 867 938 594 883 951 605 340 449 460 969 247 72 775 483 78 791 314 761 394 813 83 983 781 624 561 418 39 110 360 205 293 579 494 238 813 796 843 152 596 654 120 843 725 894
29 18
6 24
15 82
62 75
12 83
20 49
18 15
8 13
1 19
87 20
12 61
14 67
16 79
22 46
68 28
10 51
3 7
39 22
40 77
15 14
33 13
4 85
33 78
2 1
26 20
72 3
19 50
14 36
31 10
32 74
9 27
30 16
66 14
45 44
80 44
1 25
7 21
62 22
40 22
29 58
4 2
27 28
56 48
37 70
59 12
34 41
84 44
1 3
9 60
34 73
4 23
4 65
43 26
10 2
35 52
38 16
58 81
76 34
92 21
2 5
12 16
4 6
63 58
3 57
54 91
37 8
12 11
6 17
32 20
45 53
48 3
55 25
47 46
42 1
8 71
10 20
5 34
35 2
88 29
1 11
3 64
8 5
22 21
89 38
54 51
90 3
69 31
7 9
44 24
14 2
17 86
