84 82
36431 93752 30138 9412 9059 57347 57737 3295 86796 67463 72859 94943 43326 975 69023 19982 30226 80250 18719 97335 77068 77385 49751 22153 40373 94207 52189 18981 72772 22318 57303 13143 18509 22273 5523 32816 26210 67669 99455 79258 93698 8881 36206 12637 77821 51029 36218 40971 90572 64797 78118 84977 52880 57328 11166 43320 64714 11131 72566 95900 76791 79248 34610 46449 8263 86360 56354 80936 38726 96065 52561 48616 72853 13985 84764 61077 27284 48258 39725 48593 6195 7131
22468 27184 30542 50432 25646 62736 66674 6606 51184 74923 84395 19753 45331 94351 4032 97734 45916 45424 86531 79831 27295 65207 38890 30464 77054 66406 12340 75494 252 35173 8142 4765 59153 62712 96179 31682 9094 71712 70041 41268 19828 53957 64625 16448 30349 37503 91805 16015 65742 54771 1021 94446 97769 74614 36582 1770 7083 43189 6849 2761 72100 83956 47495 88035 20830 29480 84284 52787 18645 4064 7007 43135 46935 74140 6841 68278 45999 86733 67003 86691 35856 16623
18399 79744 96963 57565 46312 17543 92372 98388 63032 66045 69773 37629 19562 61872 68131 44196 74267 94876 61113 26939 99253 18807 2496 21043 96946 8184 39098 55625 99277 92046 8097 69222 77452 19441 98204 16936 53433 20842 56098 93171 35583 68982 37561 86113 23782 30822 97535 87468 55374 26315 97263 62747 53276 87931 78296 43049 77956 17630 66008 58606 77871 26488 8109 95425 14369 51230 85270 71035 28971 21781 22363 22711 75986 28465 4288 86982 40100 12412 29985 5651 7957 10213
38692 29389 88271 18976 17590 82039 27174 82927 37793 30253 75230 9674 2305 79783 47885 65434 72939 79280 64066 89872 684 93397 84336 31293 20684 61832 80651 82513 14981 29510 7762 91429 45698 87993 20414 99728 13825 10693 99054 43997 73759 55587 89060 5395 49927 5970 16511 34034 717 31917 70453 37243 3039 16532 40665 34391 61189 5569 51209 40907 57750 98287 77459 47253 1769 41052 23817 56116 42615 75327 46264 94 44577 66769 68810 32170 48862 22898 9677 75503 10717 48231
7728 65311 51646 6962 88996 66050 892 983 41908 79162 57384 30434 85175 71947 9995 49964 68137 65813 39786 36122 40593 60158 44618 87674 58237 53780 95106 63759 49198 52556 9562 49392 85894 96506 69734 42786 35938 57783 5491 29967 65801 57046 50367 25150 77 46168 37281 32112 65542 60188 6977 3366 10138 58783 81535 32663 46409 86742 14435 72871 66601 75854 88721 40845 71948 154 20052 20982 23550 74828 71008 69906 5492 51668 99066 3261 76011 19075 11192 25162 52644 81192
86158 7771 39501 93589 30085 50961 54055 6433 75121 5476 53497 98422 71420 37182 53459 92560 5299 93493 79255 24466 46450 46714 44974 47300 45978 76163 33496 34947 7408 42546 32581 24162 37046 48521 82458 43718 75153 51219 981 81876 87227 97103 18646 7965 69228 31056 28768 52481 9262 61694 61346 15589 37582 39906 14690 67706 5821 58073 34080 76367 64245 72180 28574 96533 12496 62898 52920 7912 5600 88642 93016 46423 63576 31807 42319 80289 36451 5664 29328 27044 27476 61595
79484 70676 85375 17889 3469 69529 64201 68934 10450 5959 35440 46322 61368 99103 89597 97069 62360 60320 39755 59042 58136 77533 77408 70856 26292 32670 10995 48693 79631 9144 93492 22703 50853 94585 86023 99383 33747 3257 68979 94654 95145 92087 52212 61272 32603 99183 54647 55954 88161 26921 91891 94253 43642 11532 71300 81545 47437 19780 27670 65945 19596 40001 69507 26392 24401 48498 577 93247 57708 49138 56593 23557 46703 44542 98848 33256 18269 78431 31617 29893 68171 66221
72051 85565 51444 19014 14360 98814 2249 26084 13567 15194 53857 83818 87846 68369 58583 66709 58407 18933 92091 89240 8984 78306 45723 6252 10261 39634 99141 9522 10959 41561 24812 15365 29415 79834 72067 38438 2820 62723 13573 74695 51843 83836 88316 56837 97555 30793 14534 73009 80745 58530 14065 63466 81696 97095 32305 37566 37131 64131 70917 65995 49792 70686 3854 71975 18157 35541 54614 79497 74941 83610 61068 70063 12456 46431 60375 64539 28807 78706 73060 82147 54626 27561
80054 63335 92702 70985 51310 4734 50318 36678 37141 51905 7898 71274 85290 18221 74927 95310 8967 94356 25479 74050 38351 894 81640 92927 46044 1477 75376 65638 45547 94677 24110 88059 95721 7166 86870 40676 7909 4326 61380 23392 20846 87194 56249 62710 53323 7891 2133 39606 14832 8764 12345 41500 76885 50547 70600 64760 11542 54450 44392 74322 96143 27860 91943 26716 12155 17046 99102 98601 44419 97838 42374 40062 17464 33008 70148 30823 74219 7003 90825 72706 31014 90505
73528 86443 35909 3628 55196 35754 47806 46173 82194 56287 51582 65464 66148 45158 28560 58629 31878 12406 63049 39309 44746 64513 60690 44605 63361 37541 55719 82891 51754 77322 80214 10140 82379 14141 31356 16406 16802 93570 53056 47328 57871 5406 85971 26465 35770 83220 76761 92286 37186 39210 26557 51951 40693 21178 38373 29726 31104 66065 83623 7966 9274 49037 24902 79852 22612 24377 55483 10675 31276 5872 13705 88325 71 70900 37926 54798 28143 62681 79629 1278 10147 18935
73286 93385 21087 96565 39282 38924 34109 23730 73897 21418 86290 21570 96280 77772 25227 86124 94060 21506 96955 97076 363 90468 23356 7727 52698 48210 23558 15269 47728 19064 94866 98921 33644 15883 53133 41852 97374 94916 67535 4855 27664 22770 99602 45707 41467 53670 21567 12379 12119 74597 66689 76325 59952 950 75907 51513 76876 93457 44991 62026 39530 20794 83518 82992 73653 86865 74300 24764 89730 88522 96732 76931 18664 28927 22262 80867 20059 22572 33619 71283 90993 6309
45082 74565 53347 60730 33841 69142 72030 26065 64090 66213 78754 70223 40385 386 42258 2386 58217 82000 69473 29022 36618 24845 94927 76744 18211 58000 7061 54933 22147 66053 566 76505 74018 44963 8339 40628 1810 54387 86941 51241 76376 54947 76566 5375 75733 9602 45583 98983 92444 1673 42663 69768 71263 56215 13395 49521 88803 21961 1124 22464 67642 56350 31283 51865 74220 24312 86590 48439 29426 81390 90455 84486 78483 59703 82987 48368 95737 73149 27511 9902 24908 72606
22141 18397 61327 11796 85336 47182 23890 93641 79487 92934 80060 12167 99406 52118 65170 26710 86194 15731 23950 79356 32645 49592 84 22766 21391 42451 14230 63653 40031 3886 36109 53335 34000 58804 39861 19149 52636 38931 56189 74274 84983 18460 31703 21816 28434 86559 40940 3179 95272 53634 32609 42968 15361 32791 502 15033 11198 18979 81996 61192 77636 78441 78816 1569 5790 3138 78834 63737 11743 74520 68042 92470 56996 86490 98862 2294 193 47853 96202 31711 46628 80035
42996 66163 46729 70793 46901 31714 20160 69072 3622 70082 10541 53911 54273 90281 95242 67982 28669 60268 91784 83465 35098 65533 91927 51594 15403 38205 7324 40232 77839 87744 7865 70298 65286 31806 78793 98475 42152 74333 46859 51616 40671 83428 37130 57844 29314 47691 51802 68065 93922 52851 64130 2632 54140 4801 27127 55408 41842 3695 34479 20078 56340 96597 74225 85500 58574 81992 45348 5334 74417 26854 19800 69610 81107 11679 66322 53284 16222 52754 5285 67988 10863 81227
4572 93987 8543 79306 2738 56440 46701 64119 44642 90897 85730 63422 25616 23317 84478 68833 16849 71383 38677 90183 55170 33465 49668 72055 43589 86503 55654 9430 79182 65570 28992 84010 90091 79589 78750 44480 11787 88424 10927 1111 76780 32931 74125 57023 74514 71777 60317 93734 52442 78454 23867 41130 97974 62709 92189 55590 76967 60714 85746 38762 90736 6580 94291 7925 96609 37764 12101 28963 57085 32260 67588 16409 83408 31394 41126 42378 36565 49308 31621 31336 78189 43783
42561 21835 1549 51832 4775 6029 63752 53199 21497 37654 70247 76698 10390 86849 41632 37286 92925 67574 81528 77473 1521 83235 74008 39722 83845 22666 20469 13945 53116 19480 65630 91000 5661 82910 72819 16743 81195 60409 43065 14171 31874 10093 92983 53799 54191 89395 54554 76184 95021 15 51049 88066 52130 33082 54275 55222 83134 6915 73673 70484 34077 34509 43953 53678 64462 71596 2422 73228 14411 96191 31908 24617 53903 65040 15469 24778 43508 8312 35898 11668 83258 1378
94051 16631 13280 84005 74709 51086 82182 36356 61155 19906 72660 39393 34141 45254 8750 19622 69674 36009 80597 30498 50154 43258 89615 2560 27962 79859 50291 44339 83397 84302 96070 751 96998 26530 6754 34074 19635 69286 65209 37267 7597 9659 40848 27179 28064 49370 3425 70783 58864 7595 94171 62506 72403 72940 82527 39255 10657 19714 85505 31370 14183 18758 95444 47822 70634 72832 43661 1805 17600 52866 36684 19285 62347 69281 91862 2914 56639 57148 53716 75194 64488 65978
40360 59286 19269 6072 3450 21671 96093 25657 74111 88073 15616 62431 45958 4186 49704 52203 6237 60588 18180 26539 80807 94429 4953 86069 49002 79828 120 22794 80818 97790 3573 59736 31358 3790 33992 87153 29377 55225 49562 97422 45423 28599 6197 63067 94902 81091 58502 81027 22415 37745 22313 32206 24152 56970 97986 11885 95227 94612 56564 19495 59593 1079 25420 43893 34492 36021 90066 27983 76020 77112 40380 24562 72385 85504 9809 948 43624 76961 74476 62350 71593 1561
52185 86741 87717 79060 39949 76315 48172 56384 93690 31695 85644 32504 84133 65969 17591 94645 46604 83481 60371 73503 83138 60878 94555 30403 34486 89319 18198 46458 32523 69438 84125 14837 91247 52146 88507 85431 89039 41687 29431 32310 73306 57147 52269 44154 20963 53630 66729 1136 29249 38519 2791 54463 44861 47690 19539 88074 68037 35571 39184 34359 70620 6202 88531 85696 72293 66706 15939 59180 95152 88662 97310 3311 15435 79770 67679 64467 77986 74643 87742 24974 90269 23178
10910 4299 54916 77780 36800 15006 57049 28176 82214 26282 40321 80761 54372 59412 39973 69380 13967 36466 63015 10457 22278 40717 48910 59574 53900 20720 29263 34382 2 42716 83365 8267 65911 85204 48553 3770 61613 92044 75489 50915 85341 97231 49025 77291 94017 14289 6302 39021 62323 30725 18234 27283 57413 49463 85003 16791 67047 6422 71750 82067 63101 18125 35522 44273 361 35540 74921 17922 26072 9110 16096 24025 27852 95448 91405 943 64711 50498 71356 75984 25032 66007
10635 95843 32915 40975 37339 47278 20668 53947 4692 73995 96569 46791 95712 87697 63701 6658 55945 42093 14880 32501 44968 19318 3811 90462 27225 477 56266 56959 76133 58546 93774 55361 5646 56347 19348 60513 40480 46774 12501 23012 95430 93967 21360 25927 78391 44351 31310 36108 50348 41574 79034 63065 67941 25070 32144 50568 68063 52655 56302 33473 39376 34743 93907 88173 12469 1623 56771 24298 27178 14158 79197 8583 96661 67991 22319 27129 4078 22144 58292 13052 16275 76717
45316 46085 41722 37124 37697 84136 44934 6762 77594 31951 46230 96574 35151 96863 22972 25348 15451 8124 70583 37097 21496 54381 76493 22314 96514 38021 28402 2255 58045 29813 68195 56971 41927 58395 76640 43980 63658 84400 71130 58534 36818 11579 38916 23374 89616 54078 29840 5170 69815 57707 54368 32586 74852 92896 78908 67646 49965 40115 75607 99373 91875 35850 19058 23869 49030 58856 62905 20674 44140 45920 33176 82733 8171 34790 8840 48504 17170 24623 20167 17881 79184 85691
55239 77701 49637 52504 63207 1771 1102 31705 52257 96693 32021 97084 7975 95208 62730 35660 79708 24543 47455 19928 34370 30525 67730 99027 70549 83757 61292 32481 91360 8428 1871 88259 54994 89581 3954 62461 31709 99197 23912 99198 53189 14582 35755 32934 40879 17436 70021 56754 79819 74816 87774 85868 21094 43737 79604 43682 55258 16872 86461 36475 81232 72754 34173 65856 41390 32006 89514 73205 8218 15918 35690 19502 75975 43158 42633 65403 64061 26467 67788 92163 31159 3022
56885 8632 63732 14491 12364 58163 72812 86276 158 46755 47664 61384 39768 8861 37317 49896 88334 20276 44967 30126 79667 20632 91864 34128 9638 67231 77399 18336 64355 78895 90724 25196 3739 45552 76895 77420 64486 77066 61620 43670 57348 65332 75728 58488 30601 42555 53652 21203 21067 96080 97224 22403 16000 11811 79886 97441 16237 90160 90484 69325 21848 50352 42389 44554 40641 80527 85900 49559 97965 84299 7137 53841 27547 78613 49213 53522 97109 2187 71201 52507 93425 81098
86734 17564 17236 17086 49127 59832 10975 14380 86750 69604 95981 19505 36270 1400 55273 54320 38818 72395 67301 15878 11976 85450 39502 91175 60211 38633 80671 79329 41046 162 91187 1941 47647 81383 56518 22658 95086 75486 91763 69278 79139 18047 95268 61995 1073 74377 76687 4106 90474 75536 58770 16463 4958 52074 35262 47943 44737 18588 5837 53936 87545 30745 50242 6499 27952 51841 99695 33917 13014 16387 93719 57613 85076 49625 51580 97500 12516 78909 90152 17625 75288 53307
13929 23189 77451 96905 80075 70705 93099 96270 83095 53340 69320 57577 79592 79510 29962 95836 77480 95138 81505 85599 68896 52543 37234 93076 54785 49212 20860 94385 42540 11614 8237 22732 80820 21127 50088 47977 6548 42493 39819 91201 2176 317 25013 93138 14195 53168 1913 9730 76001 93017 90740 5910 87 44674 25873 78104 59687 48208 55259 28954 99537 94797 80538 8645 83979 42099 26529 83301 22008 68720 43883 17042 68189 32521 80536 43680 51455 1294 17147 9447 43079 75825
58477 86225 10520 15916 25260 19789 44082 7182 52811 53256 78388 40540 49937 52234 61634 51734 843 12890 38091 34920 48662 32979 49074 28506 61282 51186 55993 17497 78620 52240 84628 36155 79651 6393 7497 26062 53971 87428 81124 27673 1419 24966 66390 94035 8707 1175 64238 94547 76410 92249 95231 72781 76093 95838 9026 89695 11655 65377 71592 88391 16671 81989 8334 72843 47944 30673 52366 29336 27277 64205 21964 29590 14632 5177 2547 69496 91874 16380 17841 19889 39663 78467
58379 44014 18724 36690 83329 38435 87597 71719 53337 4108 32957 24671 88106 77566 98857 99134 92037 88622 23650 86456 80810 65309 338 7667 30689 97251 90072 93209 20335 15789 17663 23363 37457 4319 58918 94189 98376 15920 67607 60710 99228 85624 80758 62897 23032 7660 72994 54689 11382 88277 97959 82944 22539 70207 16120 95088 15990 5871 59887 75408 59458 9552 29846 2732 26678 80582 89523 83782 98499 47240 14541 64519 93785 74759 39328 28777 33714 13774 24190 96692 37484 10890
23160 10250 63213 86736 55045 77754 71541 32279 80723 13012 17287 97846 15130 26571 44768 39435 89799 93750 38745 64415 24968 75267 92606 68616 75873 68435 83204 49919 75044 15117 70240 65232 44702 35258 37280 17314 72854 56579 51575 99518 83676 83313 25568 4711 86415 8020 92690 68648 87895 60387 23096 98212 47122 13458 67313 46812 56072 60533 93450 20690 13676 73999 2004 73348 64927 78552 10309 11447 50713 78836 92151 16399 83182 24721 43183 23466 44989 79632 97894 26311 78327 24539
26171 12736 33154 40861 74989 37351 60650 1820 39808 37151 25374 68276 38937 89017 77703 32515 43012 76619 72622 98134 58705 73802 24826 12296 58762 49342 48771 25096 5361 36528 75250 22845 21409 30900 72063 37490 92973 7777 24065 19743 49338 52341 18799 7470 41802 99955 77307 16810 53830 806 51452 73111 1034 79191 38213 99638 17406 53226 2171 60893 95404 48381 50235 44798 28286 97273 59986 76937 70369 87695 79503 44226 40316 66567 70923 1173 79063 30501 99738 96548 23518 6270
42904 33429 59623 51092 17742 11555 18427 47450 38725 55662 92027 66502 37190 31933 84337 7250 55676 96948 43504 32599 30740 26058 71633 19589 40102 70520 45251 60104 36916 22798 45352 66803 75928 71890 13269 29451 54674 87320 34901 60658 53326 21923 8619 27871 3798 82765 26423 26116 43113 23554 27638 28015 4661 38892 72963 57615 4884 17217 23134 30887 64568 83158 98217 74773 88006 91600 36071 55613 65290 51283 72066 89133 55046 5589 76545 29487 41998 14074 56240 79116 33390 18382
18543 28466 42747 61783 44767 96086 91858 33692 94477 96114 88631 69341 50930 67980 61154 37315 37984 20548 55013 69303 67328 17469 58026 69699 30370 8839 18379 61328 28393 71645 34796 76212 40188 86713 89722 68848 20796 67118 54876 88741 29724 1372 78291 70535 75465 19603 97116 42802 18341 44337 1161 97323 36909 47733 88626 58979 40201 77846 48057 23719 46418 62579 33859 88490 17549 41681 65445 64736 3202 82440 26183 50891 49173 258 47113 12205 88558 2537 14885 13978 4104 25647
32641 21920 40757 15049 57768 55565 38485 2337 89001 21500 75676 1694 8794 11454 61511 11904 94006 97990 65483 76982 58869 18577 3197 10267 33835 51024 69052 82290 7883 5303 16730 89735 90218 23381 71930 59783 92459 3029 81053 19352 13600 13785 39914 56812 24032 30044 70 25308 52361 49174 14643 11839 14048 16564 93130 67044 89231 58577 95564 24419 41350 87923 20633 50238 51579 18467 74057 75763 50756 98042 81239 62564 67459 30269 88471 4963 39190 62826 51400 22865 34329 29491
71669 10396 59208 54981 30746 91625 58920 67281 48003 89576 36255 99993 14561 49405 2685 46904 97978 51767 70760 77390 87927 16589 9189 3664 84861 52788 32003 91134 11113 15491 15196 96358 74961 69964 70243 51461 82254 96894 32617 31372 90385 40863 4674 17235 81842 72764 35563 55131 46175 21581 48056 31312 60502 99962 67561 64540 99713 38337 94559 31817 22393 66862 20992 9063 60419 15125 4574 16156 80098 65842 37750 1416 45128 84286 92783 74788 39454 2269 31853 75914 9390 88169
8048 5640 7278 57874 85522 74134 23391 61999 48002 35352 75039 1734 18088 53858 7884 23512 8546 27034 59669 8463 37238 78790 13645 4079 45775 77877 7621 71621 92574 15501 23011 24976 75762 62207 1226 88294 43373 44903 10654 62015 56912 33122 48452 28972 97951 11119 71808 59681 10756 42495 86392 74532 96123 1906 34450 80176 46253 67654 25414 87480 30670 36322 3710 44180 9038 91283 23458 82066 37950 35117 47768 53127 64512 89157 37427 2605 44168 78868 52496 56286 1190 2941
10840 26070 94497 58148 13552 67888 10036 19833 42278 97591 75853 33982 76688 68338 48234 79066 95844 56873 20462 80283 50681 86630 50536 18115 68187 82135 60397 76261 34642 32568 22514 74853 86354 42783 12413 3878 83615 98448 11924 99784 51515 52586 84102 80460 42728 91913 19097 63561 7138 12792 6489 39585 56329 42135 35101 13404 50514 67882 49890 23425 15005 91449 54231 78297 80551 10380 41123 99294 339 377 97850 26234 54810 44073 153 92407 37836 22266 46091 33162 81858 95075
35963 25248 46664 86703 86895 77499 10434 3634 65313 58618 33862 33040 85874 16549 44586 85233 81168 51324 69464 21517 28646 60448 88795 64455 17396 42709 78330 56114 14712 14730 35343 78996 51714 55024 57679 73290 17801 89797 18631 32892 59184 75926 53272 98765 37482 81359 18624 84453 33997 27991 53154 55383 86946 8199 65989 82732 8511 9888 43398 20986 29218 20837 55536 42585 99907 68406 47534 48376 9769 52452 1414 47682 91320 62861 46630 23487 18011 44957 35591 99082 75881 90799
48955 76655 9197 58335 29693 11381 46456 1838 22500 90970 93304 70196 1849 80125 73331 88403 89725 30734 70054 2147 10793 21873 64060 97163 11174 79737 34160 90638 85661 38896 26486 19020 62646 4257 39856 36217 63403 55364 16106 98199 19356 87245 61400 46124 4372 99938 48571 74988 19194 17305 80346 66402 76897 26808 65179 84170 49295 60408 28310 78553 19631 69970 91826 94850 78090 91059 22587 17601 97318 17568 15661 8856 11867 33904 19765 79571 68738 42167 6014 62054 59942 43145
77011 54355 93930 36554 79279 4348 15637 9983 65063 10622 97819 46197 43733 16744 71694 54092 76956 5304 19632 35765 20478 3300 40406 52971 71628 68762 9011 84381 55955 65604 99454 88933 85543 62845 34531 75455 60689 44761 16536 18287 93199 29861 69292 58398 82303 10494 95478 87076 72659 6143 6998 19568 77878 6003 80050 99961 59197 15313 47226 12076 68801 72981 27167 7847 67263 42704 75468 91425 35840 44155 7899 83080 99897 67938 78797 86768 93717 72858 90284 92871 83332 68564
32157 34754 19010 88895 22532 35610 36755 22809 17659 83161 3137 71113 87309 79453 84874 68215 21813 77705 42667 54276 33474 84815 62851 6673 350 11444 32030 79309 3936 50589 1162 59632 69204 20294 41800 79433 98564 32950 24212 62923 9586 43328 62679 12147 13789 44891 93158 90145 34478 22132 67826 60324 94321 47212 63998 52246 12154 42373 50684 82354 95584 43200 75182 42248 96426 33967 54187 95002 78414 23132 4999 70438 66325 23220 68647 42808 35497 70289 12786 58902 20285 80628
35085 78999 26999 5934 76905 83482 82408 8823 50581 80254 36952 89513 60501 37111 48999 84754 3918 34376 31490 83907 60313 89559 55501 31062 57593 26864 91473 36476 13307 85469 98495 93208 32478 26658 79574 77161 10368 73642 91578 63080 64805 34439 64897 26590 35501 77375 41085 63076 68783 47325 50329 77415 15709 4971 76969 15884 40440 21512 45962 66111 206 46078 57288 4902 43730 80360 48467 17228 26585 25903 55665 15754 79187 68628 38130 63059 98655 80029 97642 49564 75334 41952
72978 12146 33582 48991 19577 40013 4993 85882 93434 18453 2347 53418 57032 66044 84759 8542 73542 80482 13357 12939 26979 91028 1085 32000 50442 61818 91982 21704 3353 16728 8203 55846 17993 24977 22885 19374 89932 59376 30278 12767 93613 20200 74261 41876 43940 48176 87886 98001 32009 30318 36825 47035 20686 10013 34529 53029 82502 58767 47247 76063 50479 99058 56926 21881 7646 66365 45004 5978 4471 4869 39908 81487 42156 4780 68456 38658 94808 75983 69188 28260 81713 82385
49435 6167 50641 6753 59517 19880 78987 98859 6569 98095 18423 64345 89661 49012 20094 99572 71061 46447 33784 84632 27232 22243 65191 12952 28327 27569 83569 10288 4523 94602 18977 61086 20023 69874 58830 2409 59172 86543 25 10466 90694 72415 55819 87270 92458 87778 81746 92352 15585 12382 38514 44773 29209 86316 97036 21123 81208 42314 44895 74498 27443 68625 78485 64677 74591 74478 63786 81524 82537 6689 59488 33468 17839 21515 32802 79552 31791 70107 35867 87604 12289 79751
65373 32308 58560 23311 12843 69685 26219 33738 85258 58448 89128 65090 88824 78070 8207 38020 47671 94929 92635 78429 46878 48861 69190 23718 42772 3592 72860 49470 53344 38966 83724 10221 46592 99691 12500 13375 55533 37708 23089 84532 68752 46220 6486 29686 26821 18206 89375 43216 36164 38043 13531 43819 85229 30623 51573 98219 36949 18355 13546 60054 38874 3405 65939 9968 24260 13006 77235 80952 70798 22281 60358 86271 35379 79056 80526 20155 43766 57096 85926 65201 72120 9854
46370 23409 81548 57947 57349 96850 56752 40325 29437 73032 93976 51930 76476 88442 9594 93196 52583 77202 40293 21470 54960 77277 27356 87449 75255 29286 91989 23267 15338 2810 26320 3960 88395 50525 4761 80330 276 98876 60134 83895 79529 26371 24608 55806 76284 70483 17640 38551 10077 58118 35536 14223 6612 49376 7524 27388 50475 49301 97343 6707 2411 85701 30997 70162 94250 25364 3703 24580 97870 51705 73692 7161 39584 10048 59329 46485 22291 5687 92504 5779 499 17876
68667 91572 98723 10607 93155 74547 44283 87411 38037 71361 77729 98795 60628 69454 46196 95361 66774 62518 67673 65918 43918 6176 83751 52385 18079 15729 8730 12470 46507 23469 25600 50950 9751 75807 72783 61933 26066 49840 95103 36037 26453 14445 40919 29954 55803 200 68911 76680 36680 4025 61778 70559 88917 32861 3993 52743 92597 76346 38430 17427 8085 98652 80042 36795 38500 35902 24658 84699 61567 75058 14992 77812 43549 42960 74477 19740 99712 15259 3126 1656 10674 48956
57641 54165 98537 46383 11991 72021 50974 38980 1709 65574 88250 48854 37474 14394 51497 44520 69731 67689 30470 97393 56225 54820 52696 47577 78389 44626 84681 15223 49082 97960 37852 98159 37776 1527 56293 27125 59657 70790 23513 10739 98254 94339 95831 94729 76215 78349 93379 48061 5151 33142 15662 97884 52016 71348 61825 35094 18786 37749 57735 39284 22985 19360 78288 34597 23725 3087 64004 25086 2433 95579 27109 48726 18133 3435 52192 816 33751 9585 26940 43305 73800 27298
19391 83832 7696 81333 3427 15900 95122 72670 82531 33165 52833 72292 93792 73147 71272 94686 29236 45870 87210 24463 84295 83307 76591 9707 39195 40733 52879 28708 35910 37274 1331 55514 72356 48247 85997 33575 85176 4249 28727 48550 54671 8976 26068 14105 79971 63219 75736 50221 36187 19636 42673 70188 85221 65926 75499 35168 54083 8461 75141 34198 64188 35194 94759 81021 28247 31729 64502 69363 21918 55111 23441 17869 12156 26995 31893 34641 3831 29085 4891 65620 13242 51052
51048 9623 98340 39358 72508 81666 49495 42306 79938 65199 63746 92404 82468 26020 13801 75623 88422 11366 48431 62247 46362 26851 50617 64376 8367 37319 40136 60770 94996 37099 64558 19998 31351 45174 11349 7649 13094 38431 58463 99885 44413 63988 81875 9037 17696 96484 15627 10590 52018 9676 53655 37390 63586 46038 91812 56210 88288 7107 6692 35792 42364 77101 82508 63567 50115 47596 55911 67842 29503 8939 64231 22247 68922 1876 50829 12676 57200 74823 52420 67016 96212 41334
13640 49838 81283 85276 28151 65959 73564 30203 50483 25893 30963 11143 64256 73280 96829 79362 78132 94632 97891 4449 78849 89139 1986 50526 2799 321 27564 50330 33674 53407 88026 12520 12616 73777 25716 74929 13158 6991 71532 42317 29684 58975 79012 22649 41056 50418 19791 3155 68000 79320 25755 58955 84585 29589 33950 18051 13850 68744 48455 88553 15426 83269 41153 41337 23198 40982 67317 85433 66608 37454 8922 98720 40630 90463 33336 99002 7598 6127 4121 58953 80045 1870
62080 81335 81435 46021 10131 11935 69141 89372 22870 64656 84849 29032 69739 43143 21009 61053 88763 68053 63391 78115 70718 37253 3453 98807 8888 92556 46159 86416 3067 81961 75647 24485 92632 33086 56106 43528 9767 98454 92000 72798 84265 46050 1240 98674 52669 27725 76894 3110 73199 90588 30332 48169 27442 32763 4950 64851 98861 68900 51107 78224 16829 4009 40945 37412 90129 25379 80932 57502 49459 37268 25474 92600 32271 32459 68956 55248 49653 33078 88600 27 3654 97262
18421 5379 25353 23689 20484 71308 64395 29351 20174 10944 66598 25485 34289 60151 1617 49335 89136 17927 97678 86380 3277 52081 86706 18230 97488 50843 58227 57984 56089 41966 12551 77794 50431 97038 36326 63295 64755 12712 22292 77140 39123 53513 26215 63946 35399 9287 99514 16882 97276 13525 12197 16429 11581 89790 66646 22155 41985 31382 56803 32614 40226 86125 96856 27456 34282 84605 40452 78472 56232 16965 2583 13092 68329 64817 69565 60170 78914 96407 93432 78539 81411 82686
99715 18497 10732 20124 27089 35418 79057 61950 56341 70512 55433 84888 90094 86869 38087 69070 44052 32393 65669 85487 29963 59081 73524 8180 1235 67244 97475 8661 62492 51558 20138 88084 10441 23029 11549 41692 18710 35748 64709 60354 61596 98022 38336 46178 62973 50342 44965 96333 56206 52549 75050 48434 91932 32103 5980 74142 33897 13036 43526 42776 68105 64919 70776 27559 77504 10994 26622 14215 36487 59979 84198 41689 58698 97376 71927 3827 79643 96563 72650 96247 58431 9258
61556 97191 15960 17782 23611 87851 96084 38912 69314 88198 4208 96427 92910 25238 94658 87711 37923 18729 59974 88659 2038 64398 22866 37763 26328 39986 52876 87747 86379 78461 58576 78358 86126 72666 63707 97505 75565 80919 11808 13633 22452 31553 95893 38574 89779 7403 9387 18112 33197 58564 59418 26268 3410 12365 40553 21050 53729 32053 20201 87389 45933 16902 47180 18578 59293 51489 14503 74330 98937 46356 62906 85985 68923 61674 39070 63167 29974 73856 86495 31284 40637 2512
42779 47366 94734 15849 97416 43938 19504 64267 18245 38718 88616 55025 93115 8934 35837 16385 12087 48320 84410 24341 46603 67322 67018 65866 12218 27198 79844 25461 29996 63197 78285 22859 6906 79314 97334 77749 87885 51281 54723 65164 38552 95343 49651 85739 45864 17824 64121 55266 75154 88551 68946 1283 37643 71530 60207 97945 76632 21668 42445 8422 83435 57915 10057 51927 81142 61822 20229 21449 13114 78873 29182 3100 9057 24570 18542 11109 90907 68361 67064 56056 56402 781
19964 10884 60289 67031 50412 22820 89602 93905 80240 2427 39580 50612 91958 12418 36526 77869 20896 8362 31772 91486 85148 22004 3610 72857 81286 86445 19693 23605 49524 60625 1925 3507 41840 45154 79508 6644 36643 12999 74978 89244 8920 32322 97545 48121 92521 16417 73175 27692 55223 37292 20707 10632 94073 34625 86328 61096 87816 71865 90910 91789 18527 17219 47726 38617 62872 47102 85324 19595 83975 39452 28576 84878 36001 13162 54842 79569 2150 16488 26514 5757 10160 47415
64364 69826 93679 35154 78476 12257 60316 48321 5515 33981 15188 17914 80144 61203 2274 24374 53509 55909 20453 82178 67750 96919 16200 92198 71159 90650 96920 25410 60287 27931 33422 74386 87348 6218 41077 7545 6381 77770 26136 86561 85424 53476 38052 30097 72647 94426 48886 75133 21218 47616 62918 66625 28236 7539 19122 73113 84836 56353 17025 49529 67789 74513 91496 38860 36524 90331 10025 89191 52048 67011 29774 79876 37426 86826 57500 66671 81851 46502 20819 37127 29291 3041
14773 12141 44418 55723 87587 39602 80140 97024 29303 52174 92970 25665 96985 82719 72285 91696 89729 36360 94050 15624 94998 33963 10856 11721 37844 56887 49554 92744 79869 39976 2237 24714 30918 1887 76746 25313 86081 53852 67844 58769 67863 56199 48512 61343 354 59105 87783 6359 64637 21461 28638 85448 34468 1848 67359 75935 77617 61544 46403 49288 46121 22172 24980 27563 74587 47544 39637 68814 79930 42003 47283 3396 1877 93695 87750 96876 52037 56262 57030 94635 23545 33694
77489 3031 88324 17662 59529 30802 13272 89596 82718 57241 39242 23235 48471 86197 93233 38740 5653 57164 8141 27950 61117 52462 12715 19057 33604 80566 31456 77629 14697 96799 86239 5814 45580 80530 14763 92406 57657 31545 92304 99726 37092 11959 2524 33678 99241 61049 15605 71228 65827 57135 2081 70703 5509 16045 63666 21765 28661 49093 70514 40509 20101 3274 22408 96606 27697 7495 4235 8618 343 62928 99078 82675 64872 60854 40742 69525 48535 8646 4696 29168 50096 19105
91842 29738 6877 51298 2859 66815 79391 5858 41520 80055 31076 56522 14762 79587 68644 21376 92250 13448 62035 64616 56914 59825 27270 82878 12629 43706 76473 33237 53618 25184 89088 79788 10827 20207 65049 38217 2084 19852 93974 6596 79517 68062 65633 939 32338 47658 22494 16220 8621 61880 31139 45898 47704 86861 39534 20533 72608 60293 5302 53751 70409 54644 96944 71312 86813 70126 30078 77200 56610 15502 76916 62641 13708 34851 27420 48252 36888 72525 98881 61580 52267 81250
43920 13385 17906 65404 16071 95892 69132 79365 75313 91814 49343 92982 85385 65988 11385 34199 58923 91069 99843 45377 13888 76847 69892 20121 48191 63887 33308 51562 51954 8206 95727 56490 36646 73369 84340 99216 46365 42281 34915 155 81496 21162 28198 33860 96467 42441 47587 96859 3008 67253 24924 20341 38793 33706 23595 14631 6066 11805 99946 4053 20132 87702 94077 66891 21117 70800 71990 53413 46636 86032 55328 22900 87060 68218 20615 76391 2946 22749 42161 22782 97348 83008
10742 42321 38160 64686 64800 28895 45975 98281 29230 68897 48856 12840 26745 92432 47575 75614 31731 32560 99483 56987 38720 81796 25294 16462 25161 99073 59359 67034 24046 98607 20514 39963 71363 90194 69775 59239 31256 61248 54354 49206 70458 35466 56484 78957 31610 94102 7752 79272 58404 36695 56822 54278 5538 4768 76152 76832 94843 34654 51301 96154 32421 42461 9000 95423 60467 80014 83378 66770 2223 93484 52632 15928 62005 74932 62487 24569 21792 3586 31565 15658 20656 92995
69719 74794 40969 5341 13635 92481 36808 50419 35260 24313 51203 33315 28203 34611 96474 77134 37864 57189 6616 90900 48892 15732 35705 73001 61008 9131 32225 47306 1147 60725 98084 67442 47907 66679 22359 96169 56082 6633 76076 10360 65924 6157 16997 81001 30446 2585 80941 63819 29285 34511 68891 5255 62716 60938 56075 16675 41353 74161 30728 86931 62764 27986 81299 21005 64479 42148 5200 55998 90788 12491 53120 11408 52178 37511 35222 61350 15871 35316 2169 41806 26490 72816
66349 92917 26876 86674 82308 92453 88781 74576 76208 11675 96962 34994 5275 38014 25222 84495 55975 19802 70801 80376 88040 76527 66259 36022 93026 34471 96631 91963 41272 60704 29012 63705 30273 16224 76348 5500 10035 60195 65396 61 87568 6040 84650 84596 63896 5780 64589 82535 26391 89762 43817 34825 3477 74589 96414 79119 93761 25450 20893 88488 14334 31326 78602 61763 25631 16981 77958 65297 61290 87218 4544 79318 6626 27654 82470 62618 53748 77527 26403 91783 22022 52950
32017 16520 13513 4379 31286 37732 54852 53106 20153 70292 20438 46467 66375 59856 47352 24307 64209 63298 49018 84441 6817 89305 52049 90768 52200 15172 6783 14143 98073 1243 76866 59335 4322 11339 81346 74245 1205 21330 87964 2809 24776 66261 20366 33701 66461 62436 15651 53811 19936 59660 36361 84050 84379 64050 75834 97512 66923 33545 21359 42360 80721 23877 56712 5838 37573 87502 95495 99759 59107 17719 93634 66310 13662 88138 368 44486 91041 33973 36976 93940 63258 48345
34995 77215 1591 89700 84634 37978 15486 39472 70342 37842 29906 2280 89880 48421 30157 43859 675 8471 70919 58226 46735 29112 38580 73464 18975 63306 5808 18741 24214 38659 23750 29272 89621 21448 67179 93814 62643 3211 68309 49351 99879 24560 49462 77278 13793 78182 23201 32333 89533 28408 71239 31526 97086 62000 63808 73379 41373 56012 58372 57185 98565 63635 60572 50325 85584 21200 90867 16839 87967 48254 78120 37715 1996 56903 44488 13843 43146 18696 44231 88841 54250 91099
21746 62761 69652 28908 45104 87463 45540 75681 95011 26630 15406 2695 26634 98121 95221 57838 27222 91358 61667 59772 97395 85114 58175 47568 80205 42700 65830 63927 60326 92785 78551 6396 38291 90989 86828 49297 73743 79350 933 42359 52326 54301 92669 89933 32487 94813 20142 74658 90786 49133 55964 73359 65577 13454 71751 39217 74317 14818 56247 33823 83337 5357 50186 56307 31369 30543 94737 69921 42037 99896 53475 81695 8058 94022 16021 38170 30719 91105 41647 13271 20422 9472
53832 81890 93585 38521 95216 27391 87834 31503 55262 48947 47638 61708 12367 75007 596 49361 21349 88319 32492 62700 36827 51870 51622 4346 18538 25648 96976 57998 42875 78886 37921 51053 22074 1944 96216 60904 73674 33293 76892 40069 43539 29815 85462 18077 44179 34824 19963 67971 30892 88712 61369 38030 96246 55660 12162 59740 47517 96846 68395 55409 94975 19113 19307 92512 32124 19952 9249 21562 71668 28333 97429 37067 76864 21954 39715 49039 37179 79212 40956 72879 41568 79879
74251 57180 8089 14731 10852 45193 75453 37125 90750 6132 25189 41093 53054 65326 2031 58657 54724 39489 69835 47586 69772 4739 85564 1499 38180 20110 62669 83029 43928 42259 75979 32233 99411 29477 40182 50469 1490 80823 72580 36293 32207 46177 87408 68306 70688 13358 35195 60682 71646 49951 95532 78884 93324 67 39476 89679 74563 61525 36277 68854 37895 66376 49445 35975 30281 57598 78614 43581 33437 97914 15618 26941 81770 16657 18908 9310 51928 56741 4387 43338 55592 98437
32672 82166 2561 99309 59735 79563 84227 5742 12439 25930 57889 21268 8039 72664 12888 43127 40699 7894 40596 57448 41625 42443 54120 94858 93773 37718 41243 34057 48497 7872 55668 10055 69568 83342 73427 53260 12201 70002 7145 16895 56823 75588 72123 79354 27567 36178 97274 96490 21095 23744 90727 39188 69421 35923 50634 87088 62925 57278 42909 68181 21077 12856 36385 57570 43869 45527 69796 10258 49996 26752 31929 91633 41284 75699 58875 3514 44162 11620 96493 38123 36880 50440
58683 30028 64277 43149 91915 71381 41363 98942 76064 13994 16951 96226 6954 23312 76273 12023 10621 9109 31828 33602 41421 56365 67429 61644 64471 11778 64716 14939 46392 3342 10528 81052 82035 99188 98561 65515 56096 35196 31083 11162 53525 14298 51973 43605 96318 19172 995 32510 64957 99097 56441 34925 91314 8648 39989 4427 92956 73414 82802 50733 17041 57723 56201 45906 39128 7813 2244 86897 48624 93453 16715 50413 31822 88750 81877 47308 50400 99777 40196 52955 23698 5775
27955 64579 38872 63394 66132 15715 83225 57712 19257 35146 66958 45519 595 71653 92396 17054 97048 32398 51560 58586 50614 9494 39579 67391 89586 82068 45955 31184 32691 36894 84182 4867 21286 94264 52540 60148 75248 20025 61502 5242 61935 70026 26891 65816 20713 30646 61716 82079 50168 16597 76628 14702 85608 30954 18260 74841 3286 52116 69333 59795 60781 6283 30620 5191 48749 44350 36133 90524 63283 7650 62053 36691 6085 7968 34005 32091 99014 53700 877 43958 7719 56264
10832 92689 88410 10337 95327 67161 73499 11512 47144 20995 18665 67409 65688 85318 24185 98390 82667 83146 90568 88009 31680 59127 21166 71007 5085 23889 17581 96292 27256 14839 81893 11550 3899 8569 94272 18010 55966 46011 39950 13717 56346 8443 72513 80456 30767 10653 70044 48217 34499 89390 56519 16285 11497 57540 99536 9923 61998 13447 39407 91290 57946 67376 37768 87322 90124 10754 85116 58688 36096 29559 19417 68793 18338 33911 28154 11068 36648 23099 93386 10499 54784 51857
68522 92880 31823 1898 74465 77757 68086 74638 67177 33350 63890 77914 25225 98215 12987 85758 93190 34323 24452 36216 45713 84331 36828 64896 93126 34564 77530 53772 17599 63271 22577 4699 5018 14652 8457 58440 26231 90611 52545 37054 6047 42412 94827 49040 17813 18083 62752 22575 43081 69962 92913 26022 54849 38571 30263 59095 688 80467 29747 20520 46756 88932 79670 36831 61915 7130 45124 44114 84469 92214 49371 82517 12057 53750 91907 33631 35295 98799 92495 34833 65285 97266
49586 4724 89411 36454 93972 49146 23644 94287 64572 60744 83602 20396 57831 99143 36104 45658 68328 26747 40798 3694 10849 60269 63999 63539 20851 24125 99147 98793 51399 87397 76509 24030 99934 29872 86967 71205 25073 99349 82630 5628 99425 28409 24814 96273 31280 98949 78404 36219 47393 15488 24329 37210 1369 46683 97881 28128 38195 37442 92561 639 29919 71262 657 86529 68244 83966 33245 50005 24252 72572 36813 67312 80349 57217 14229 28016 8731 39710 96286 91011 83104 98964
50290 8021 4177 37071 55153 35525 16852 20739 73004 92730 989 20370 25627 92636 38622 83067 73129 47126 69122 35989 51957 56542 48117 64929 82382 67405 1739 71110 73924 26739 36509 90031 23350 68569 16078 63312 69194 13138 16515 20429 95313 16927 52480 79381 96054 13406 21823 35076 99887 89098 32228 26405 92333 91798 58144 40711 92608 8072 59202 51129 64223 22104 9691 35952 63440 17441 41630 21785 43118 72703 38546 55872 35182 53082 29619 61067 61561 10355 5300 2640 28111 16368
10421 17574 52028 56275 86875 51882 85332 25385 72186 49488 57301 73157 22116 16019 54485 36051 38877 66583 92816 87917 78059 99424 14221 44996 37883 88105 94544 53064 83068 73639 83932 73410 80586 36573 84501 58807 28603 33689 69364 70066 11297 51739 28811 3389 82110 55828 38547 24533 83216 20060 91500 73976 88749 33366 23509 76436 57359 83584 88958 10203 41313 32044 93486 76385 77511 38788 71469 89498 37977 30364 81747 60094 92929 77029 96535 54941 30940 4789 26347 92336 98417 67078
66278 61705 98963 24787 57127 86493 1420 66432 59068 26914 93220 38545 77072 19191 80720 58390 72313 22138 52906 67360 23511 8204 66558 83336 93652 16509 37592 83972 86515 68055 98716 40690 79689 28382 75915 77478 12192 85235 67998 5082 88989 55090 52482 99151 92685 34397 49555 34062 22000 94161 17758 37338 39336 7825 52101 26375 53177 20254 86214 9005 33536 70497 8883 13849 83388 28497 88525 73691 9654 21604 28418 28240 43564 38324 19652 82932 75103 67208 78605 14547 23335 17031
27743 31448 66757 63446 94651 81060 90345 6079 65291 46147 98338 23354 41734 55140 62208 16238 40732 6327 55047 81287 31528 81646 22561 46455 51789 49327 44198 44983 49535 29646 93500 72847 45542 97905 81760 22655 10319 41019 89686 16277 40700 4139 40514 50621 7879 224 80319 39868 60049 50537 71494 3696 32994 60410 18883 90280 22280 39561 1646 91193 40143 95639 1840 31497 99250 71063 11638 53606 21725 18854 81835 63428 11298 41831 10492 23186 4074 19948 77013 79400 17369 21889
19009 38294 64581 95848 53758 92378 49292 490 46922 55671 23796 23252 80760 86395 96412 539 58903 29551 88024 92227 45987 22886 60205 95175 7019 73670 9376 16562 87642 28372 75238 75012 10552 80262 50863 83624 95099 21008 23803 1936 87260 41902 51379 14793 66528 98152 88421 81912 43586 50266 42929 62854 43547 43136 63595 18129 77377 98935 71559 66530 74523 62266 19819 64991 82662 90564 173 5378 69700 32551 19199 43220 69736 12660 80206 57074 66258 11865 61299 43008 97107 67696
35348 47895 18580 69643 95859 66026 16855 67475 68160 1344 13549 48834 5366 97208 46894 18040 51496 47527 73083 25780 1007 32134 42551 69667 60867 28585 63584 50691 39105 15876 72621 63075 39496 32408 17731 48360 9237 40590 75830 23037 41516 86878 72391 15178 53859 39654 30252 18795 49561 27643 29867 31124 74659 85266 17373 25677 38790 35178 66505 16353 82816 27592 71402 3660 58265 47615 41430 19515 3193 97133 90793 18743 35864 21912 2408 61826 26344 56980 63523 37786 19450 59894
21403 35063 40884 4231 10750 23183 25297 83506 45765 766 99779 99864 6549 29237 56781 7197 69165 55192 92028 48355 71613 94863 79447 83801 24638 7705 24261 25731 17795 41152 71811 83384 62025 30200 24747 14352 99408 56362 9215 78901 6020 51537 36377 58251 80509 18368 82525 14257 84549 80353 70816 77603 38495 66093 24592 97228 43350 39419 22644 13547 53071 86172 28435 51665 19222 8589 75753 81183 57887 92505 41953 60978 71373 14826 64834 35453 99164 78902 57529 11639 15236 48468
64769 5754 37831 2015 18487 95390 56432 50025 42079 52593 73985 52500 86345 58607 57841 25963 985 59953 51264 88144 42780 89049 85108 7613 10987 57409 15795 15031 738 17416 873 35040 78879 66292 17584 22671 76158 31660 72350 63479 68724 37653 31307 79602 58482 11236 33959 33722 37769 78221 66928 75640 42916 62521 66491 5479 92571 21757 98855 49158 52574 20513 24078 15076 38258 83302 85243 92498 50703 49236 47769 3444 45495 44567 7200 27182 77374 62395 99550 97053 65197 5159
38139 45038 40073 46001 68255 25804 94478 28177 11520 46339 25520 88230 89613 2060 72561 14944 86285 5364 81236 22906 44097 17092 3426 80954 1018 93800 8552 72081 633 24143 61459 21555 82024 45609 46283 23874 34421 18567 28312 62667 43895 42174 84274 21760 33035 74036 33413 38354 67037 2155 15858 93993 61432 71769 3304 86602 34087 28552 90820 38334 81323 96465 88039 24272 70482 87079 68152 66893 4521 15323 28433 87197 50395 46962 9355 74845 45885 46640 32205 53246 9052 17221
