100 200
75 61
78 21 -88
54 56 -36
53 23 18
56 2 -88
75 69 47
68 65 -78
78 97 -91
33 64 -34
85 83 -22
81 65 46
20 83 -81
70 0 19
67 95 50
37 91 -59
24 36 -68
62 12 17
12 51 -46
97 21 -40
15 18 -3
80 99 34
53 72 92
79 31 -27
28 66 -9
77 30 1
72 39 54
80 53 -2
20 4 99
23 49 61
7 76 -90
30 58 -80
13 17 22
96 13 40
13 99 31
75 77 46
75 6 -100
80 54 -86
14 48 37
18 91 -66
33 87 21
19 38 58
67 4 -69
96 13 -46
23 7 57
63 8 51
53 23 41
43 65 76
86 11 -79
23 87 -29
98 64 -86
13 53 15
16 68 72
98 84 12
53 91 -46
15 39 -10
53 35 -15
45 76 -92
67 43 -54
75 15 70
18 67 49
85 4 -87
70 31 -23
82 0 93
33 52 -39
30 0 20
89 32 -24
59 83 -73
7 0 -89
56 11 56
67 26 83
85 58 -19
67 87 -46
36 84 98
41 28 -56
8 50 -55
71 3 -24
95 32 -91
47 77 62
75 33 59
35 66 -9
47 66 44
52 55 14
51 47 62
52 1 25
18 86 -96
8 4 -73
37 69 27
89 34 -77
96 53 -39
98 86 23
75 96 1
12 55 21
50 60 65
33 81 -18
37 59 -18
11 34 42
59 84 -90
79 24 74
98 61 2
96 78 -62
80 64 51
13 95 -42
56 64 -20
90 3 44
35 34 43
6 81 6
72 6 51
13 26 18
15 96 72
74 93 98
87 8 -64
62 45 -66
23 12 -52
80 23 45
75 80 59
53 97 59
76 95 -95
53 23 79
11 40 78
85 62 42
79 91 84
39 79 -94
42 3 65
69 1 -13
63 28 97
63 57 -52
80 15 48
15 96 74
7 19 93
91 69 97
59 12 -11
6 20 -22
81 4 -62
57 74 89
39 98 39
43 31 -5
33 80 79
13 71 -24
72 70 35
8 19 20
67 50 89
71 63 -86
7 36 -95
28 4 57
63 10 -52
47 4 90
71 62 56
96 79 -69
37 76 -29
52 28 99
86 0 -18
22 68 88
23 72 29
28 4 22
20 26 -18
33 52 80
53 8 95
15 71 -15
30 3 78
57 20 35
43 7 24
19 42 -3
43 42 59
82 42 69
30 24 59
15 41 -91
96 23 -83
23 46 93
63 87 76
80 3 96
13 23 -76
96 35 71
71 36 80
23 67 -34
54 7 -62
59 8 72
98 77 31
85 45 -36
52 30 -34
79 84 85
89 94 56
39 77 63
33 40 -57
28 40 -40
3 61 87
15 26 87
35 32 -88
10 20 87
80 15 -77
13 31 -96
81 90 2
38 28 21
85 11 -52
53 23 -57
96 8 -7
19 38 -7
91 93 8
73 5 -41
70 10 -17
53 42 13
67 85 -99
