1000
-9254 4671
-645 881
-7045 -2228
-4952 -418
-4530 -3033
-7525 -3284
-1019 1974
-4475 -7654
-5025 8485
-3165 -920
8889 -7473
4057 1121
-307 2474
-3798 -5200
-3983 1828
-7149 -428
-9547 -6885
887 2207
8141 9761
-6920 2287
9003 9963
1938 -4445
-5747 -5664
-7179 3815
-7105 -772
-1893 -3991
7130 -8215
4259 8516
-6683 -6825
5003 6813
-3615 -4314
-1199 4206
-7235 -6809
9304 6040
-1673 -9093
-9130 -7616
-5709 -6318
-1982 2808
-7025 -5103
4125 -2809
3200 -4129
-5992 8585
7101 -3318
-143 4619
1432 6770
-7544 -8788
1771 4169
3712 -2391
-6351 4536
5443 -632
-1896 -1672
2010 6314
-4526 2396
7293 -9972
-6428 -5198
-2975 -2230
-3645 6772
9807 1033
-7996 9809
6579 -3984
-6419 -212
-6043 9036
-7003 5352
-112 4022
-6610 -7001
1327 -8316
4350 1495
-9757 -6662
9718 6176
-9022 3888
-8342 -6710
6415 -1997
5388 -5634
-5825 6222
8590 7392
-2820 -9246
6142 -7829
7523 -2510
7864 5492
8491 -6236
-8200 7606
-899 -3830
-4140 6150
2326 -4304
9584 -4421
-4779 3305
-8692 7595
8313 -8364
4210 6697
441 -7512
9594 2801
1324 7622
-8536 2089
-2419 -1152
-1036 9328
6934 -7576
-1406 764
-3086 -7612
-5564 4455
6386 5592
-1103 -9627
4320 -8393
9596 -3442
9607 2633
1473 158
9311 48
-5978 1067
9508 636
5836 -8162
7518 -2911
-4135 -5200
1916 805
3193 4460
-4733 8830
774 3981
4354 8005
9612 9672
-7418 -4974
7659 5560
-4281 -7811
-1411 -4516
2904 -4970
5666 -1036
802 2412
5854 1502
2654 -1679
9126 -8281
2531 -5430
9752 -1329
9004 4150
2155 527
-3449 3359
4737 1768
-2672 -4515
-2326 2397
7881 -601
4430 2615
-8421 785
9550 -3552
7951 2382
7055 5404
7123 -3043
1528 2533
-8796 -345
-6195 1280
8159 -9792
-81 5961
-5919 -5290
195 -5343
3406 -2239
7161 4221
-6811 -2361
4777 1591
4391 -5232
3502 4327
-269 -1306
5652 -3091
9442 -3146
2861 -2820
4812 6998
7207 3019
-4668 -676
386 -6522
-5513 -587
7174 6934
-2493 7893
-8115 687
8630 696
1817 6662
989 3022
-8284 -4681
2229 7072
-6074 7368
-9100 -1977
-4978 3140
-3841 2065
-8611 -7771
-7941 -2157
7256 1775
-4939 -3453
-9208 782
7822 2569
-6735 -7323
9339 6452
-4174 5082
6754 -3320
-6248 -2457
-8737 -4665
3358 -5969
7171 8516
581 8380
6961 9682
-2475 -1678
6449 9021
-8080 -8867
-1733 -8489
4080 -7288
-8258 -7559
8894 3697
-1220 7433
-5886 -5280
-1385 -4466
-2779 -5782
-1751 -121
-1605 -9421
8960 -8228
7806 5328
-6350 5921
1294 -8317
9168 -9901
7962 -434
-1369 -2564
-123 -1606
-7908 373
-5842 -4877
-3804 -2776
-890 -1728
-1157 4811
-5310 6331
6910 7092
8865 -563
-5235 5870
-1856 3023
4707 -5233
-5133 5790
-4643 3875
7663 9181
-2424 340
-9287 -6107
-984 -332
6892 -5129
-504 5212
-3624 -3998
8685 8339
1783 1066
6856 5595
-2182 -3000
-9976 -8379
-3611 2314
-1896 4731
-5042 -2392
-6859 -187
-9847 -7378
-3485 717
6737 7218
8442 1883
-6552 -19
2335 -5710
8981 -176
7242 1020
-3384 764
4117 4098
2072 4434
-3252 4141
-4776 4813
8773 1204
-8982 182
-844 -8086
-1016 7523
4742 2023
-6093 -4279
5703 -464
3826 -2645
7179 -1962
5411 2807
9923 773
-5128 -7973
2813 4040
-1819 3296
-1891 5913
-6531 -243
6292 -3118
-4852 -9161
8363 -4552
7472 4132
9854 -543
8993 7731
-4914 1909
9947 -829
-8022 8617
-4258 1710
3737 -8099
2294 614
-6090 -7098
5167 -9525
-3415 -1629
1605 8637
9476 -7123
-5323 6754
886 7839
-6352 8501
6232 740
-7351 8993
-1836 7670
2639 8949
-2989 -3506
-1604 8382
-1004 -9251
-9997 -9310
7517 -741
3982 5171
3808 -9546
-6669 -4412
-7658 -364
-6172 -5639
-7138 3228
-9679 -2524
-3530 9095
6765 9322
4623 4634
-8871 -4243
-5861 -8365
-7616 -4123
-7081 3135
8746 8739
3910 6788
7243 2729
8317 -5930
3707 6926
-8713 -9341
239 7535
-8637 -5850
9597 560
-117 -2167
8820 2714
8471 -5494
-7507 6301
8530 -7390
2098 -5123
9969 7801
4589 -2804
9925 231
4302 -1816
-8537 4594
1605 -5639
-8104 -7250
-6748 -8155
-1243 9611
-2555 9201
1916 4992
5851 -7383
8918 -3261
-4298 8344
9574 3800
1601 7800
-5004 9543
-226 -7458
-2921 -8726
2220 -9572
-5211 -1458
-2356 -9822
8375 -6963
-7351 -2751
-7198 -2868
-7875 -3554
-937 1070
7810 7976
6320 -5667
4485 -6488
7664 5894
1789 -7562
-5020 9012
6638 -8436
8344 -1589
6953 -1141
-963 -6866
-7477 -9050
-5449 -2588
896 -8476
-2030 -2647
8424 -627
-2651 3385
4070 2586
6098 -9978
2268 -1445
993 114
-874 -5942
-8026 2326
-9263 -4235
976 -9682
9804 4043
1345 6365
-9871 -7672
-6148 5896
-6751 1025
-9601 -1825
-8440 8025
611 -5900
-5878 5631
-9462 -6939
3175 2743
3153 1532
-6142 -7698
-5581 1479
1797 -9053
4990 5395
1760 -2046
-3366 -3665
8583 -1759
9266 -3162
5013 -8167
6210 6017
-9882 2926
-5091 -3178
-3765 -9408
-313 -4553
6979 9411
8065 -7160
4319 7189
4489 -7516
4231 -7531
423 -521
2167 -7657
584 3409
-9753 750
-1065 -150
-7780 5261
-5461 -8502
-1680 -7662
9282 -552
4895 4555
318 -1030
1810 -1773
-8232 -1617
-2781 -3870
-5049 6257
-7911 -8550
-9855 1726
-4865 4256
-8642 729
6932 -4618
6995 -3354
-1856 9152
7842 -8466
-2666 2816
-6277 7124
-3906 -7770
-3191 4042
8777 7905
-9613 -1423
-5165 -7651
-6201 -4662
3416 -6724
3884 -9703
1026 8551
-9715 5242
8240 -5690
-6538 3633
1519 -3616
9200 -8696
8429 8854
7436 9276
3318 -5477
8780 -5755
2822 -1553
796 9167
-9143 4009
7285 948
1245 4273
-824 1169
-7236 8623
-7066 -4186
9447 -8996
-6259 -3604
-5947 -2682
-3828 9293
8569 -7518
-6643 -6392
-5795 -1761
6687 -7862
7657 3380
-2611 -2517
4783 8515
-860 -5325
2196 -3972
-5348 4669
-9517 4960
2317 -2414
334 9930
-2752 6058
5351 4387
3221 -227
-267 273
8512 2931
5069 3939
-2681 5199
9035 -922
-6055 1060
2087 3818
6199 3086
-2245 -5716
5596 -9149
-5211 -1762
-5480 -2087
-9677 5123
-4137 -1880
4245 2027
-7700 5436
-1633 -6021
4270 -9188
6012 9788
-1133 -8411
-999 1399
-4783 2812
-7750 -8911
-4627 -8584
8619 5
4595 7321
-8413 -6592
4884 5467
9940 -8090
289 7099
2535 4185
8164 2589
3402 -9097
-9309 2434
375 -4234
3517 -4090
8723 9377
-9534 5086
2855 -9027
-2669 -7809
5864 1474
1235 8278
3746 7451
5714 -7529
9570 38
-5777 -3997
4945 2105
3008 -7612
1174 -1653
465 52
5962 7902
7279 -6018
9068 1037
2011 4097
2640 1923
9750 5694
3972 -1496
-7692 985
3456 -5930
4108 4374
-9623 -622
-8517 4684
7072 5322
-9979 844
-9104 -5402
-7500 -3162
-2828 6858
-5752 9779
228 -3759
4516 6259
-1695 -7132
-2275 4266
-8397 8629
-7300 33
-9241 1411
-9211 3160
-2156 -8864
2811 8625
-531 -8732
-4133 -816
2375 365
-6425 -5281
-9149 9547
-4212 -2177
-9566 1079
300 6657
-2725 -1261
-6279 8025
-5590 -1121
6642 -3579
5933 -4831
-7343 3784
2409 -9870
-8602 1820
7357 -8122
-1405 -6383
-1663 -268
-721 -1478
6346 -812
-9733 1420
-1923 3132
8224 -3081
-8704 5352
-9417 -8055
-5282 -7942
-6421 3578
-2638 -9349
-9219 -3763
4409 6123
8001 8532
-7851 1766
-8502 -7052
1470 -3162
6026 -2870
8550 -5832
7301 2646
9565 -7021
4683 1877
174 7214
9272 5267
-4803 4892
1895 -7148
-4559 2559
-1318 -971
-2439 9850
-2031 -6965
-7665 -3938
2901 -4181
2949 3805
7974 -4721
4277 -2149
830 1627
9856 195
-2591 -4486
7133 30
-5078 -3319
-4115 -7670
1241 6817
-7802 1326
-2471 6275
9310 -3889
2174 1850
7669 -8355
1802 -8573
-3294 -3029
4822 -3872
7755 -9016
1179 -7995
-6129 7611
-2359 4940
7973 -8996
9686 -1085
-7915 -6141
1537 927
-2798 -5717
395 5418
-2732 -7136
-9139 -7431
-9652 -5062
-1739 2663
8792 -6594
-5610 -6917
-8560 2899
511 1921
-6787 -4689
-3685 4504
-6580 -8813
-4954 -7647
3280 -4495
-212 2935
-1646 6834
9698 6535
9104 5622
6912 -9441
-425 5804
9211 -4827
-5391 -5281
7618 9953
-1773 -3951
-2287 -5519
8986 1440
2627 380
2734 8758
-9385 4025
-3039 -3986
9201 -3245
-6709 5315
937 8899
5811 8747
4552 -5798
-4273 -8262
-3543 3763
68 336
2738 -5925
-5091 8295
-264 -9549
831 -6105
9005 -7637
2741 9917
-4068 9620
-3625 9702
5017 -8515
-9616 -334
-5234 -7694
-3492 2547
4285 9318
-567 2236
8924 -9258
-8830 9501
7797 1662
-1535 -3921
-3674 -6115
-7400 5649
5566 -8317
-8697 5341
5043 7850
9335 -5970
49 -3588
-1281 6072
-1381 4815
4133 1579
-9833 9257
6351 9918
9419 9092
-2894 7521
9952 3568
3805 5572
-2427 -7370
-5687 6406
1747 -6861
-9010 -8032
-4001 -6857
-445 6677
2749 6048
863 4626
-3794 -8631
-9374 -8652
7618 -3627
-8183 6977
851 7037
-3042 -1076
-9152 -2845
-214 -9237
3521 -1579
-2088 451
2420 -4731
-5236 -4746
-8068 8419
819 4319
-1054 4681
2402 8034
9382 1504
7877 3028
-3642 7000
389 9695
-5029 7209
-9284 3699
4463 -4181
592 502
-9046 -2016
-395 4856
-9889 -274
-1855 4369
-4959 -7957
3076 8964
3350 339
-8157 -4521
8507 2732
-3916 6072
2119 -8783
4778 2825
-3475 7090
9261 5495
-7651 7340
-8324 -3795
-8938 9655
-619 1282
-7997 -8827
9568 3878
-806 -6604
87 2644
4475 -7456
5276 1930
-5645 2983
552 7712
-3110 6474
3565 -4669
-9174 -233
-2893 -822
5384 9527
9183 -1217
6417 2798
323 -1436
-7557 4773
4521 -109
8887 1637
4182 -5391
6539 3363
-7302 -4190
9875 -9106
3721 3250
4933 -6883
2884 -2714
6464 2111
1639 9991
-4874 -1800
-9002 822
5738 7896
2669 1321
7564 4533
-7477 -2810
1799 6452
-3833 3057
5219 -5309
-8063 -4783
4819 1446
4563 5658
9296 -247
8216 -2553
-2562 2113
-9687 -145
7029 -1083
-3187 -8688
-1015 -880
-9995 9482
-6976 -3450
9354 -7472
1937 1176
2219 -8127
-2910 -2843
8603 4156
-3833 8261
-5634 3167
6966 -4537
7576 -7417
-1210 -5595
-326 7890
5554 -7828
1292 6487
2321 -9109
-2559 1297
178 5345
-7127 -6853
-4980 -7885
-728 5092
-4399 -1538
-6924 -5772
3747 1768
7231 -2558
-3623 713
1470 1160
-4598 1520
3692 -8856
7631 7308
8199 -8664
-1015 -48
-8350 -8007
-4860 9163
7631 -9125
5968 -3487
1327 -6745
-2517 -8431
-311 4403
8198 -8770
-1704 -6728
4432 -5425
6095 9766
-9089 9834
3494 -3861
-2525 4894
-8801 1694
3687 6461
1976 9201
-9924 5179
-8308 -393
2863 2396
3965 3020
-2577 6698
4281 -9994
-6721 -4379
-3451 -7423
-7657 4063
3898 -7356
-4864 9606
853 -2608
5438 2611
-4576 2052
1253 -875
-9343 7401
-6640 -2319
-9922 -7651
1721 6223
2922 395
402 5497
-8882 -6445
-3868 33
-5904 -5981
-6984 -5173
-9214 4346
-8261 -1848
-9237 1639
-6309 3529
9007 -3812
9941 1296
8977 9664
8365 -6699
9525 5407
-4197 87
-4416 -1201
-1294 2557
-7410 -6946
-2926 4838
9665 -3314
-8967 90
8242 6803
-1558 9124
2653 5357
7897 -1515
9781 1660
-2324 7838
-8860 5111
518 -3958
6129 7017
-7832 2673
-4770 -8287
-5233 874
-7936 -2180
4507 -1807
8283 8081
4885 5540
4664 2877
-5413 -6673
1813 -6331
1682 -7516
6675 -2054
-6943 9358
-8248 7815
1184 -72
-7399 7881
5946 -296
6930 -5816
2004 7066
-4741 8994
3427 -3489
8403 9895
2772 -1688
1640 -581
3089 7359
6196 9805
-2249 -8877
-9519 2871
-2962 -2839
3441 8586
6467 4574
-5722 2394
6578 -1234
-4168 7560
2906 -5065
-2202 1091
986 -3667
4646 -3798
1973 -9889
3822 -7362
-7557 -8586
-7463 18
-7111 -3454
59 9371
7957 -3721
-9147 9852
-1401 776
9542 -4869
9043 -4823
-3536 -4626
2818 1949
8283 4263
6817 -6196
-9733 2929
5567 -1210
205 4090
-5892 4362
7260 -906
-5183 -6650
-371 -6328
-6476 -7226
-97 -3165
-1682 2123
3653 -555
1172 -2638
9311 -9883
4380 -6010
-5854 7594
-3125 -2451
6340 -5586
4856 8794
-492 -7103
1991 5316
8666 -6879
-3207 3161
5935 -5352
-2165 -3331
8793 -4162
1636 6153
-6485 -1202
-4733 -7192
-6850 9179
6773 6000
-6451 -2704
-1938 -9999
5147 9889
9138 -7082
4587 -5344
-2223 -2518
-9357 -395
4253 922
7591 2930
5121 -7912
4594 2736
-8466 -3243
