94
0 1
1 2
2 3
3 4
1 5
0 6
0 7
3 8
6 9
7 10
9 11
6 12
7 13
9 14
13 15
4 16
10 17
13 18
17 19
1 20
11 21
4 22
13 23
1 24
0 25
5 26
6 27
6 28
17 29
28 30
24 31
25 32
21 33
0 34
7 35
5 36
11 37
24 38
15 39
34 40
24 41
29 42
31 43
31 44
17 45
18 46
42 47
1 48
18 49
26 50
10 51
20 52
23 53
8 54
4 55
53 56
25 57
49 58
34 59
26 60
58 61
54 62
17 63
30 64
41 65
8 66
18 67
6 68
48 69
4 70
64 71
45 72
2 73
37 74
72 75
42 76
36 77
39 78
73 79
57 80
7 81
62 82
20 83
27 84
34 85
22 86
74 87
3 88
6 89
27 90
18 91
16 92
28 93
