82
55 73 36
38 24 32
21 42 79
66 51 45
54 1 61
14 77 55
36 61 74
43 10 46
8 51 37
27 54 40
79 36 65
42 37 22
69 38 51
17 11 48
22 27 80
75 40 37
40 6 21
79 59 63
39 38 56
73 2 30
35 76 40
24 62 60
45 39 83
54 33 89
54 31 63
40 76 75
43 3 60
12 2 33
63 44 81
13 25 5
46 57 19
78 41 25
18 2 97
32 70 57
48 56 78
34 63 8
64 5 68
22 39 16
20 5 45
32 8 45
27 74 20
41 24 49
17 6 28
52 63 38
72 63 71
74 4 12
73 23 63
19 27 85
60 48 31
20 38 98
49 41 44
16 27 77
34 42 50
81 75 68
78 65 43
38 8 63
9 40 41
56 50 1
68 22 95
77 10 25
73 8 16
26 8 95
34 47 38
43 39 77
0 70 5
50 8 55
40 51 75
6 80 60
54 61 14
58 6 70
71 38 75
39 29 42
62 7 18
46 15 24
21 27 35
53 70 7
70 25 78
46 66 32
28 49 25
76 67 24
2 30 1
