87 100
2778 78067 26824 80438 88301 19501 4227 34512 11755 30408 47266 88010 59624 19619 61182 20153 23328 1423 23073 57218 18993 63357 49084 71055 48346 22757 65696 80440 13596 52146 92491 93146 50604 64370 1725 26409 77748 98637 70624 35000 87792 21737 5824 22176 96927 63459 67489 51397 59080 30414 78676 48217 21055 15298 48746 38538 12327 14499 90909 40060 37331 65300 75928 4561 26267 17388 65578 91244 13092 89636 37204 18501 94894 84766 30623 99809 14131 41107 76300 9832 72442 45043 50985 21436 95374 52711 19371 13008 62253 14624 80616 36028 76311 22712 35211 81467 88290 94397 42076 77891
69939 97166 18318 2139 13728 74871 3433 97962 47815 63916 89292 18530 37871 12938 14422 20447 33840 20374 94119 73980 42248 66889 68899 93639 40104 73513 94970 32927 57174 8365 77102 42463 18102 71959 16444 91308 14956 14710 6321 85324 26147 80917 68970 34376 8687 25057 8491 25828 94482 77414 6886 13932 70439 2744 99574 37261 16138 75344 29969 76774 18319 68459 63320 35533 10743 63356 73609 11968 21982 2194 5002 88462 58173 17432 69008 5113 77743 29874 98447 92335 11859 81530 60267 27137 67747 45323 76556 78689 31922 72477 46609 71280 68550 76795 87228 24991 46296 90512 35396 41551
57969 26075 87606 94114 36530 34289 52045 42144 48605 33457 4002 87902 26503 38495 85075 20078 40569 58714 44505 3876 13227 60895 53868 72680 22848 56796 44227 9012 99136 46706 4264 34817 49464 50188 19620 91259 41546 30177 78698 58199 91309 90453 89912 96973 55621 70719 92876 36731 37432 51405 43279 61325 1663 22405 88203 5090 47290 68007 31996 28570 37010 48313 58445 50232 60978 22993 7843 54488 68364 50235 33869 8706 31293 51786 6944 25124 60426 49233 38813 87838 23178 73378 88953 95874 78405 82250 55200 44366 51066 636 67698 89534 62427 47507 98457 5223 61864 31858 3998 64075
79027 19199 12667 22739 42723 55253 9532 81979 60284 60767 26731 85730 80711 14343 23393 64573 8933 89562 57014 92990 11229 62525 91831 30523 24491 47435 44282 57489 91056 83815 95274 61673 92483 69893 74713 90071 54819 83675 21465 95170 77351 60546 19256 74541 2597 70632 64213 89833 34474 32548 73382 12540 40990 45690 19258 20875 2220 46342 36791 93349 13855 13486 17959 28311 19047 21926 36506 91258 86390 69205 76265 66592 51739 85918 89989 96947 23335 87693 79405 67126 763 48891 54909 94786 30827 70095 3175 36857 81535 16417 28246 29320 2539 29982 84268 25847 24394 8526 59462 71375
1500 26302 64244 49004 59258 60312 14449 70333 6740 78944 66755 52383 12260 2032 17194 89420 54103 70598 21050 12571 39119 49354 77969 75777 29200 84636 57311 29833 69699 12128 4237 73619 75236 81461 4869 66644 92670 33420 91108 84833 12005 37068 13984 47061 72229 30969 6120 85096 52204 53446 75976 34588 84358 66588 27281 76740 12460 70930 38388 43920 10254 89907 84885 24621 50367 96443 93509 58307 85824 2500 16946 5609 98435 90590 65927 52849 76899 54805 97541 59018 9936 17858 49922 83322 31581 61224 91371 19049 56512 88049 2288 4145 60738 65596 97943 36573 41671 59842 22166 52334
68648 10800 92410 5224 83130 44040 62127 1934 93308 12648 64284 30856 40300 42229 66340 88943 65862 28324 44778 6652 86987 62440 99436 62331 84166 64967 78960 59678 11679 63011 90688 79140 62650 37178 71119 20588 86882 91734 77181 73493 15352 26661 42438 12758 88313 86062 14084 57343 95849 3891 1326 93241 46067 6094 17240 47865 26878 55530 7457 57253 57200 2703 52176 85360 68745 78084 71788 78715 82608 2224 67841 79579 19839 60662 69710 74574 91284 55516 64227 98354 1764 3725 35747 9706 97351 38986 81256 53299 22141 11683 61318 83205 2184 7247 32259 6745 39043 97686 48830 74780
5895 42339 32323 95986 891 50932 17267 27217 24105 21666 2751 11876 75164 34589 46143 94007 57983 75857 16199 33659 92758 60765 62634 41952 53669 48435 704 65729 6947 12745 64578 40558 24036 79276 64072 52436 6387 75986 63901 30309 56348 86075 61168 98481 26131 7926 90598 31624 78223 13121 76831 3733 14184 80295 90786 9031 21416 76286 24557 89772 99850 63471 91133 50448 71670 63643 96817 56364 40093 87286 35096 52349 66776 35920 66426 32958 8584 13155 78488 34247 33860 17120 6550 69172 25826 55583 26748 28123 37527 4894 56763 1195 35726 92113 78024 99500 27883 41014 46023 57305
95504 7768 43222 46436 63465 70178 36152 76480 46757 31846 76630 23366 3721 48913 14081 90608 11018 14213 71931 30685 78141 85087 48420 74600 87379 80669 47329 96185 13078 1669 29570 40149 8328 21673 14340 86735 85928 75421 4015 58764 5580 25320 54693 36464 93697 76514 52537 99795 82150 73210 20128 45778 1100 90769 64150 15808 18030 84081 22957 85035 96119 23356 49477 11445 66330 31578 9054 6182 30760 29088 11402 40890 91753 90866 18922 28237 22732 16663 80455 96826 80261 97543 45535 17200 14283 97466 21417 60881 84117 1032 68766 25528 36867 18055 74670 48209 21072 53052 70429 9665
85133 34026 59133 91507 43996 67931 67426 58798 94528 63995 77656 87140 45718 49940 92150 6375 85237 11747 36805 24368 43225 89322 27573 34465 22282 56178 40820 24598 71613 47811 92832 93594 89643 32780 33019 21153 37375 33712 16603 67314 49217 82203 35284 96804 71533 13992 84103 94030 71321 71528 53019 62923 85078 78417 10750 88288 82551 51286 41230 36104 49498 10557 59753 49558 94084 72526 27723 2173 54313 49793 62898 618 15433 64095 92792 79956 76517 4596 2846 60557 80190 93931 55992 17822 8375 97144 22122 7170 97631 47695 21344 38786 43338 54348 71316 67750 23197 62122 59298 41421
32605 45081 19935 37704 58800 40725 79642 10465 51604 62969 38550 43207 97718 96189 17122 80334 95304 70683 20080 6156 4631 17303 24774 93281 20395 36746 94478 72955 89238 66173 6792 11539 75489 61978 67914 16247 67178 87142 93847 82410 39394 55677 41960 66061 32522 17758 35409 27440 47605 18937 86600 34173 5791 66062 31543 94003 81431 22922 79374 40676 41598 47708 75406 86522 66705 76264 87690 44087 61176 67923 56610 3568 77554 32451 11451 9906 45331 52207 68559 59510 51454 54916 78473 35686 6812 89370 47029 79082 4139 36144 76979 97837 3183 55831 76187 8714 2245 85203 22171 48501
66350 18302 33345 38769 11409 26090 778 35725 85683 220 49934 41575 30327 36490 72903 60650 60211 57499 45018 107 17789 67135 72182 46229 52651 45016 72573 93150 29788 59547 35196 37253 22706 66525 36190 78423 36100 95496 9162 45699 71136 68347 44590 60009 43275 25403 55270 5606 72193 61410 89465 68802 7689 73869 32440 89934 66264 71329 26607 35927 27027 1747 34390 7897 43345 71721 89659 87029 88527 90321 2285 97392 35769 28092 4581 45343 22909 44744 16560 36852 5581 26015 10806 50236 27643 1474 92509 17597 73797 46886 88371 41381 44911 72198 68541 46135 92440 12228 83089 76185
34738 84254 31104 2351 95625 57445 89647 30317 239 97500 25655 5070 14677 37963 31203 10641 83028 29943 68152 66013 38887 59388 81127 33010 14328 51871 26364 69161 91801 2151 21542 36524 4352 42648 43682 3994 58535 43429 15013 60151 1949 70940 19393 65014 7525 7108 80586 74478 20897 52180 89014 72122 13406 90295 93490 13545 80248 48077 56056 14519 81586 21507 61850 85397 6191 10981 80476 19438 11221 27362 8840 6940 87157 82498 6101 95373 64791 9658 26429 19087 10461 16856 73675 94854 34307 94870 16520 73612 68214 38774 22563 21111 59271 3510 24904 34825 50294 31405 47268 43311
46367 98606 58398 38133 87137 58416 71802 76994 75831 78651 95030 10174 74234 94635 50724 72266 73042 13034 31601 69643 47911 33669 44436 14607 29977 39382 38854 14665 780 21237 69257 4238 62472 1288 26424 20795 17876 38256 36421 33030 35019 19595 20561 11975 94732 4982 67278 82229 22393 66495 96963 81097 2774 33344 95767 24866 73259 20135 72480 16462 58201 92835 9651 7086 77685 87208 79899 87999 96299 32569 51566 82235 79375 13365 15572 30241 10201 1839 74514 66517 52706 94345 57902 57778 19122 7362 46333 53196 45877 54756 3614 74558 13037 72822 92510 57137 3600 67087 90872 64272
43248 21762 75416 67172 27462 89168 89010 90971 72612 83132 82300 53642 22004 70728 17561 5735 44964 83646 26025 17820 10151 36894 99119 54056 34969 14736 44980 72635 9708 58139 84507 36400 49963 83879 28071 64743 43740 58576 41207 666 81410 93316 76523 43165 86608 96620 40409 64721 68099 43199 76030 35945 36293 35926 29876 98459 81125 48957 31576 71867 59338 68125 91368 12609 9215 74893 99711 10178 46847 96930 37510 42730 50720 60646 60625 8669 15280 74495 45080 38206 51691 98813 82207 84916 78074 47936 78838 77073 50072 86957 39713 32576 21397 61933 30192 81385 40607 52730 83969 50234
84179 49209 77119 51694 90810 2400 25203 89511 73610 81323 16682 40594 34615 49454 8271 26513 84959 46908 90045 90348 31117 30131 25959 37376 9376 39288 10037 4158 98668 28109 5012 96996 6021 40940 63078 69458 64448 22850 201 26141 26092 68060 19314 42622 49774 33414 26533 74271 5126 37850 43727 95846 16061 25887 49107 38288 92649 79863 96761 84650 22707 64484 44975 96587 16913 61991 30895 66460 39374 79349 68002 6761 66561 51020 93434 67882 6869 52050 20662 53468 3232 49262 19351 72855 51451 96208 83630 70226 34571 61333 71653 28347 27063 48978 88867 21750 60010 16378 42702 55151
2034 10257 88646 89357 49458 58949 1335 36668 9455 86344 14849 3078 53943 79760 9702 56088 67791 57863 94163 37082 6801 90726 15880 35973 37345 27252 4555 72128 50937 51418 46826 57658 17169 67701 75065 66593 37406 65251 65404 15180 9063 38534 76756 85086 13708 14747 23852 88347 27277 91722 63506 84559 4859 26293 99760 37843 90806 91896 86811 61292 49933 42598 47021 35751 23659 75286 26303 29001 57898 33292 32276 84433 4836 45473 90682 68286 46646 31695 92067 11051 3128 87125 46486 2272 47598 98761 77676 25108 4930 30224 39721 18959 96395 8961 78756 89555 12212 60318 98929 2121
71753 1290 73578 92770 12247 43817 84520 41248 47186 16104 95852 43811 42212 84288 48845 79776 40966 1531 78952 76849 11638 32309 93596 16974 14789 56574 23923 59511 33125 64829 67217 37074 60551 12308 63644 86432 30176 96373 10788 85633 43011 54913 155 12818 34093 30315 91044 88084 43860 62477 57236 71187 28660 1185 62094 31921 3878 513 79947 88930 40490 4662 35256 70832 75541 36975 4975 65388 59082 87800 3643 77488 31260 66026 44351 74328 70376 31478 51497 1566 25396 70838 77914 87181 19380 15850 32722 23007 27370 51182 13351 89721 84979 68310 2325 90104 42541 1067 76549 78672
45306 39152 7637 14888 62970 52448 130 41265 15785 19574 969 44479 88037 45193 17917 72652 74869 88353 17484 69785 77903 80822 54729 29108 52522 419 79273 63947 4354 85536 85080 23227 27555 34540 44116 87111 66255 88061 25580 1447 2951 18945 68836 94745 48166 14362 99783 78945 56145 92559 84499 95535 330 45905 35468 92403 9060 6240 69468 36966 31120 20939 81447 28920 79594 85259 16653 70592 5924 57147 16431 48532 41489 80825 72941 73274 45240 98170 50520 85695 81005 76975 82324 14046 89325 73749 13975 64277 1126 5760 24889 47370 13776 77098 81072 96715 56412 50213 33567 77457
98277 84940 2472 55528 63581 39179 79781 27806 34234 46103 61053 639 53067 88008 11167 99419 2344 11375 28879 68530 18974 6486 23226 32919 20521 40038 21139 87478 32571 89586 13706 72512 22308 71433 77848 64413 50335 95474 12883 66823 175 86238 56707 89735 52395 90500 24554 25991 51684 84227 65665 31985 22452 51770 68436 74371 65333 20452 18815 13035 33321 22915 58631 10300 36117 67565 73349 63254 37775 47219 67240 33124 56229 12454 12920 54448 91375 51723 99923 28036 95906 62435 73074 46577 66 78029 18448 87223 76819 97363 86845 16043 6278 97253 53686 68716 45246 53448 87442 14908
47566 35710 61280 58757 24259 30257 21492 79662 95869 54315 7051 33851 27651 55967 49718 11637 2473 3397 65117 25297 26414 83672 45522 98638 74229 30540 98808 92046 31698 21209 66228 76243 49578 29865 6384 43990 54249 23921 32388 81455 10764 1218 4271 28015 9856 22231 20828 49299 74637 82596 31606 22802 95738 13689 76733 81819 39150 70441 28997 51504 87632 99764 20406 27693 21423 96041 53389 74784 82388 55971 78850 1180 55810 73405 67607 60543 19964 43912 40099 20405 28331 87574 51637 2068 13515 39110 63207 52299 63798 82241 69815 84104 26739 22681 52452 83214 32519 76122 65305 96104
2506 73193 26028 87535 41942 97509 41634 54897 52928 11416 88005 20952 97332 27629 92909 52154 63239 64347 43428 26713 69066 6549 93333 2421 32777 70481 84948 47267 1233 44879 67593 94225 38058 74407 48638 35236 41088 89768 13994 72811 91021 87756 35569 74068 68674 13675 13944 77980 65520 57281 27182 50826 48304 42642 42678 2806 50712 30242 58134 15521 30310 35100 1482 61188 72292 84051 68080 71838 53731 56030 50922 60511 92743 3620 93911 55737 91104 98045 76233 85066 39868 12483 20969 32617 37908 2314 87937 32361 21929 79771 8554 19998 88774 5198 48707 93250 70087 66604 5508 95115
70511 65926 51341 75905 32687 61326 35141 9000 36520 36294 96116 63412 31166 49205 71469 97542 4814 19357 81377 29381 66237 57013 5787 99267 48506 24616 34595 45984 83991 74039 33761 67139 82936 69595 96955 7240 74844 83144 56328 53232 84845 21552 71583 4551 14056 24108 23014 84514 30182 81946 31873 50412 62413 32358 17150 28486 50166 31 61581 17038 21746 32581 74865 56587 46071 65125 94758 52561 44869 97207 51883 60213 89261 23587 73782 68369 60074 19564 76822 59069 82476 4513 78989 59671 60858 40591 30219 53420 14471 60680 77684 1069 98658 43170 38855 50440 58986 95129 26778 97290
38903 10903 51132 84235 10902 9079 65158 99100 58772 31498 90451 85175 25318 88592 10941 60015 68542 13684 66267 5544 58621 87061 93970 49037 89929 81379 18278 61104 76033 73365 29834 97137 49595 51285 51444 64426 68085 5221 52940 8820 10391 3598 40354 5511 25670 12930 32025 90779 52752 32154 76594 23048 95661 63766 85650 53417 47764 68326 30236 14819 66444 16216 47142 67567 22649 15733 87004 12168 93086 76563 73037 91732 73667 79510 30413 36085 62909 67336 78200 26912 22115 86217 74899 82110 33548 98706 22551 69754 99079 49680 13041 93114 86741 62173 24252 88419 26782 41495 12803 84700
79169 47337 98983 88843 60756 64458 62012 66929 80990 29064 36698 14430 755 89947 19915 63416 2312 70205 18547 50721 87048 90948 34263 14355 84856 12670 65407 39681 34488 81109 60963 88829 70461 82600 17726 17348 25131 50611 50114 49229 58599 29458 46089 42347 35869 58078 44375 58347 31239 45495 25532 71407 47880 39857 3979 98742 64086 57371 11022 25214 62715 59025 72220 31362 34310 18616 31633 30737 61417 94413 89516 32990 33398 81159 70503 67354 37262 32148 55947 10445 98898 75858 96695 16855 30937 66879 66472 28709 16261 94419 84043 61149 30409 35167 79897 95860 47226 19514 89275 39212
20254 60290 15357 39531 77807 57883 84741 64198 21848 90656 27156 25090 43960 15766 44752 49965 90017 72285 61187 89317 25994 8307 4608 93953 98218 41294 27199 91538 43462 13934 28749 85654 26801 5534 8884 56665 18553 14863 23432 56616 70239 91126 22790 94399 24405 83276 95319 38386 6701 19834 3312 7459 85976 49371 20299 46196 90788 97059 30846 12877 37875 92156 37124 34418 73010 36261 74364 91160 72819 3806 33698 31455 84704 94873 39377 24545 47013 75081 95747 88587 85923 41259 44398 3870 65181 43305 65738 81829 83197 41660 90202 40341 55924 34045 97173 1963 84071 12221 86869 15212
75956 69922 43441 6501 86421 34014 30279 86384 19885 99483 47821 71434 53810 76060 67534 46284 89080 88629 78748 33736 20822 34966 58164 51034 22352 85220 42182 84076 84996 14869 40713 97970 75190 40223 56609 351 53715 96474 75910 61941 23664 60167 70367 25073 89779 55868 46639 56366 14138 26707 80544 71773 92949 12031 68420 53332 64303 3395 55060 17790 30153 84502 68961 17235 30925 44601 20171 23269 86418 38897 71689 34757 2776 40221 6312 5887 4183 90126 95749 12386 79635 86970 52705 88574 66225 93094 39090 551 53329 36567 479 610 51166 8830 81427 21420 54350 4626 72533 76615
77668 67072 7116 27372 77832 66070 35165 68133 36642 48070 53347 35495 27475 34922 3221 41020 64166 54026 39208 92400 69224 91865 2977 14613 90325 46720 24592 98039 14860 61794 68052 90146 60453 14020 96168 49531 21744 37883 61926 73748 31651 16613 84437 98854 75512 29350 30940 62630 74728 24364 30295 80453 9928 74676 88551 78987 23716 57829 45889 39446 61693 5784 88408 90734 91257 28142 11040 50740 16503 61930 90491 23510 25732 95606 54814 90876 19545 38628 1950 50165 72559 11592 50546 19857 57316 4880 18898 2825 19459 45582 19315 27894 13513 56483 1346 86821 39669 6040 68794 6767
24771 86473 11803 70107 5841 17524 36710 77036 66484 24502 53296 38393 88690 537 19396 8422 61741 12893 16271 32105 48664 29620 72870 4509 95816 27747 46172 34331 28089 13217 88159 63397 33917 60586 96616 87689 17535 20265 54832 19599 10787 46189 20278 5908 9745 18211 70465 43472 95663 71289 14132 94077 64798 75166 80826 88448 82065 8314 26780 89751 65238 51236 80529 75395 45570 80498 82243 38454 9329 95046 56259 16006 46359 77542 5164 83606 71217 73960 26344 73974 31790 24209 53401 68245 22825 86276 78541 73187 71831 95161 70469 3082 53343 83142 96430 75990 75888 75900 88894 82286
81949 2165 20683 8209 90548 97977 1485 66115 64833 16815 48415 27215 92381 18730 94370 39484 99665 38101 81261 23098 25734 22175 87925 14771 94832 44277 79201 65737 67042 85629 21566 54318 99700 1530 51050 68774 74309 65172 92516 82046 67910 25856 46485 58394 69000 35813 92591 66973 1958 19221 72095 63185 22201 56293 81493 97873 81098 69162 17678 46929 41140 57602 23168 9647 37643 95143 69003 73222 27626 91575 28299 89903 27636 97073 422 39052 50261 98629 77201 40318 59322 82847 8690 8339 66054 7820 50722 26558 88057 71530 99193 94976 56157 9510 1833 12917 87010 84619 77546 46802
60163 49570 45213 56569 37110 38172 21487 19419 24084 89830 85623 14359 3668 70060 49939 57963 49165 93576 820 38772 15243 89218 67707 7066 55239 47128 70675 59816 90446 86534 10130 78207 19650 11163 78979 83689 79074 27576 88471 56243 71400 10385 57590 79170 71548 48022 15194 59277 29382 36960 62497 78418 80242 30036 1664 68494 29411 7794 68458 38287 92576 68561 97565 36313 84988 81877 45977 13824 14973 94152 32224 68608 9979 56031 38972 47787 28971 33640 47808 6806 54241 29231 81197 1065 76768 4441 54732 34016 51975 51001 2256 99857 6727 41526 30582 37732 12908 60065 62454 8071
11753 89039 70990 90571 20247 82109 95763 91281 60380 48791 30499 76258 11756 45316 80343 18499 67594 77751 50765 33950 57461 63101 66133 53900 78884 11579 59929 84156 79138 64092 78212 77786 6125 80157 34466 33912 70756 42412 48348 66851 69889 84905 53612 37539 42995 96295 42504 83203 83731 18391 2982 85726 20111 81902 91544 41049 6438 91213 82283 91296 85797 20006 17393 2336 27004 59466 66676 69135 41341 38151 63316 77104 84213 35083 49263 80278 48089 62447 62373 79426 89670 53909 66941 83431 49461 27268 42291 44784 29009 68163 88604 46815 74332 23044 61034 62183 33924 2967 39030 80423
84707 658 92357 10611 2639 60812 26516 81926 50700 40832 92532 43229 69897 18288 98652 85658 64376 62018 4882 262 27918 93630 39460 23052 35547 83856 29850 4339 2469 65369 93421 60360 3216 69830 31085 87166 11769 54563 69253 44069 75823 72161 1651 50401 31201 25189 47837 31653 35496 56363 78496 31218 45208 26639 24798 73914 28145 46677 6171 19265 82872 90649 38685 35233 18565 95977 90666 5055 27808 70682 45824 51997 70890 73731 83580 47711 11405 70948 30271 66422 23818 60214 64913 96994 56344 59089 35257 9538 37781 24811 82362 40730 73978 50210 28490 75482 48141 7475 29964 33463
25223 11138 57861 9747 70944 26998 69696 62592 29449 40270 12426 86014 92960 67413 14192 7290 69187 85432 93267 47585 88208 10772 33337 57866 65394 7006 33193 50406 63976 92338 23611 76044 16852 66034 98488 16476 69044 54186 64138 50844 60643 35987 14816 84902 39504 62287 14961 51355 20673 81279 39311 22230 3330 45584 24795 19639 19933 79407 58162 33856 48251 37139 91380 54526 38213 26276 968 95843 25006 42357 27928 76389 36532 90250 56430 68689 37560 16582 97315 61105 69409 23515 13376 44427 16757 88872 35552 60911 39764 6980 95363 36712 1473 96971 3303 98686 94574 41893 39775 64583
44084 84059 78056 14864 29667 37957 41428 26685 507 51375 63967 12356 54179 11886 27699 51891 95262 19980 7306 7846 90658 20755 35982 98757 35255 26280 89710 43146 91569 773 54141 29776 48798 46009 9899 95506 43610 57806 5522 27142 81368 64521 77507 62581 27115 5083 43481 26471 11076 59727 56953 39142 57487 37544 96217 59282 66409 2819 74880 80791 96580 97889 52428 97660 72148 72073 65196 7965 65202 18740 24069 97651 69108 40000 21702 97643 64439 68440 85460 76664 84012 66674 60939 37493 89816 28761 4211 38586 86030 89369 16049 8475 51028 32525 30387 45462 9997 12935 88276 22351
62778 63711 89683 34484 33849 87132 58513 58797 40544 87150 1262 67467 8319 99882 47469 91272 89669 77808 29985 15489 93790 9635 32923 77544 22418 67048 64781 87996 85950 33810 79777 55785 10598 3757 7067 18426 24812 39204 79315 9808 75483 79493 11032 32344 9622 8139 87104 98013 1841 3112 80887 84308 75746 86160 7453 19559 59468 99293 38108 21118 15629 24680 29201 55884 7663 87455 91689 95089 35036 20459 65793 74888 62420 43532 13861 83330 45620 58655 5160 63857 41093 34451 99340 36671 38795 79463 52407 42334 37564 78275 56067 87584 19914 71483 49845 97733 43627 54591 55917 21150
16 81948 79803 90965 77470 2720 15824 95034 95197 39035 83945 49005 33266 43342 31182 99919 96604 67246 92875 98426 9485 99480 85729 13404 9059 23157 2414 33832 48023 55636 63817 36026 46997 12996 34455 15776 36676 98295 75346 30172 81181 6126 8205 37219 70814 43829 32243 90347 44177 48670 78063 96805 29554 96964 93921 22882 61203 77186 34157 24132 81517 48457 66731 81845 39588 28779 514 88530 11115 554 24540 79837 23062 22007 81336 75318 50107 62667 72954 75868 20515 10338 95492 92317 2401 7131 18589 70657 38453 99287 34181 964 32477 92677 45769 34695 45398 3626 15823 32192
4151 69268 91601 27676 27509 8571 82680 11990 58411 17196 3786 44880 24943 92457 34860 82612 61677 8392 2103 59427 52633 83379 85954 71770 64745 94134 23629 49040 57193 5568 26560 37508 83463 25109 77099 66757 95677 2941 10551 51169 46669 23406 97530 24672 53894 20788 8520 18282 97014 5537 29926 4698 96209 60231 89591 20581 56899 58519 32262 79963 71397 79139 86892 32981 7232 85383 65851 60819 81976 36350 68368 10466 43399 34562 81743 69404 98547 38078 74112 10913 91206 56005 10323 26268 19358 90187 26359 22443 73654 70938 40818 20940 93433 39080 49955 7209 58529 31448 68374 75271
44104 98867 82653 7068 16356 42666 84245 30763 68947 71054 6322 2906 97930 34740 63467 20858 19428 10708 56816 11946 43995 17118 17511 99555 60851 50691 6520 37485 23989 5023 12383 86982 85931 41652 12434 33790 78975 78971 8980 61452 645 39368 36503 71981 27533 41161 91121 86757 56679 66125 4831 91891 39771 47108 33826 39242 2403 771 84366 47675 27328 4516 8490 94301 64235 81790 475 73291 1569 17167 72946 15290 912 68895 64074 4235 65503 29087 65735 10081 50538 73347 53145 41882 96605 71969 30180 5245 1979 87582 13906 2382 15100 71799 65822 44821 82557 63007 7423 22449
9628 67471 89567 79932 85063 18733 84968 51349 52155 31252 5268 89599 70550 63906 10163 92127 53947 87763 69397 55969 55326 83033 19872 74651 78922 52702 18889 58365 6357 63637 32181 52208 90051 11914 99189 95527 15426 37386 14813 79571 87392 72508 26956 77333 97874 23514 34579 73409 59095 69270 23204 51899 54413 73150 14983 35865 85973 89136 65949 94700 7303 4702 89423 73706 46026 37322 42855 65657 28360 73292 32942 83297 94932 70151 87934 35825 69709 86699 58963 96188 84491 85946 48465 36919 63826 36913 98564 90339 75486 89770 96137 59323 61294 25199 75846 55778 94785 89609 3839 99739
78669 11662 90996 52915 28962 45978 28908 32143 39577 42316 26523 90283 87320 26083 70691 3954 54584 50344 89255 10022 39832 58730 71248 32679 96592 6080 840 96488 97257 78581 7690 62053 77048 83100 65256 16184 77178 85991 74944 26288 86431 14259 56872 62121 39529 72012 23303 58667 64348 84597 97707 47406 59655 45777 42099 60487 10161 59266 67828 44279 51272 17313 48770 69492 26158 59479 21100 70075 6837 20603 24712 76 74750 57497 90403 4804 33553 27263 67082 83527 8407 79857 9754 83445 14100 40951 76106 85469 26474 23632 14600 20833 7496 88597 43084 87743 2631 78818 92806 67168
3763 12702 95296 3507 64419 21060 44500 13990 13137 45731 4394 49849 69872 32610 69353 9519 47778 70488 48597 2488 99125 17997 35142 36268 91769 15214 46205 76127 4863 13700 53416 60036 39631 62838 56219 59450 32260 15680 70334 38578 82595 22260 89132 92666 12989 54487 91351 39957 97276 44847 19244 24190 38227 90281 28067 113 31988 56050 46288 53795 13328 72162 68020 17811 26079 61664 30470 5749 21593 67010 23206 94451 53154 8626 6454 32989 68154 75845 3972 51767 90955 30979 21609 53443 56531 30188 86924 84420 55098 89336 72294 85029 35115 48541 98849 40782 78548 91972 77690 40937
9490 32658 32793 33405 68728 93626 92456 45610 90417 79321 54672 45498 43493 74494 27836 67572 46410 39658 52517 29175 93262 68032 31838 2442 8585 90430 64393 70242 67283 12293 83000 35652 41201 86506 71448 43263 14492 43175 19119 93564 92267 78420 47449 14543 11231 47382 775 87957 66739 83136 42734 34519 99103 69679 46743 1608 31100 60976 25495 92492 30048 40334 29279 90086 90004 53803 60416 86762 36910 97461 57811 69191 51773 89102 11327 95356 46329 8966 75269 80002 23503 24456 78745 79910 38361 1972 56397 56319 6850 90521 70988 20118 83722 82806 26443 77027 60743 44170 16382 99359
38201 14799 10048 82885 41264 71204 50659 71031 58343 43660 53100 9459 77183 57410 89001 81501 59883 83198 43190 7989 35132 51271 94641 73983 7652 56672 62020 86992 20790 93052 64987 471 91664 68556 54102 78381 10242 8594 93540 75561 38732 13429 1908 63962 91987 11825 18202 30676 91977 64712 57166 83781 65691 63504 33839 97726 25883 28205 68723 97366 66122 8533 69870 73786 63293 74556 16016 87465 87710 54879 64972 49647 31472 25202 50382 6713 37548 69538 89837 64992 94969 35035 81618 86875 37395 90131 16552 98261 43696 64179 79660 16310 3203 57727 35571 18985 10370 52810 28842 53977
96657 18362 85261 53782 47608 76718 82984 77962 311 5214 52848 79297 93651 84052 91596 64890 92485 57871 46451 2688 40026 48075 20408 19027 8878 52598 61348 24251 93890 95047 55061 9241 7821 59890 2838 95071 57151 38718 90404 18227 26990 40873 23824 68710 76519 19690 83025 59519 80615 99982 46379 60893 60141 96507 58176 31175 71740 92366 58997 3940 67220 69050 81566 29250 68657 66248 76108 81869 86048 74220 29443 69378 9824 29613 87291 50605 59250 99899 4338 44292 82930 12941 10405 69526 19666 55718 22275 75201 79484 49604 40545 81737 42088 66286 98441 67519 6356 77088 34411 97240
35980 73148 594 8990 35651 96745 95381 99115 50082 47948 6358 2067 26345 77439 21978 66891 35842 44386 80377 51151 31942 75556 92167 91321 62101 6129 20654 1301 46780 65397 60517 47425 4586 49803 80336 60649 63911 81847 68177 85755 31832 65550 44415 64309 19920 57548 6544 75472 87444 58917 300 43322 21010 2353 65026 81925 14684 97704 95703 81252 99406 76306 5430 62320 31139 2705 27508 20870 55385 30876 9286 41083 72375 60059 47640 28038 14433 69775 24910 67134 17518 3606 76878 73644 96577 67967 90854 80413 4428 14244 937 76322 10587 67985 43792 7796 20000 37267 92911 86305
33815 66522 59736 83491 82830 16910 79009 23606 98133 56108 77097 13967 29363 58157 13154 92193 71319 67618 74766 95979 48072 82406 94589 92801 38001 16537 30395 3734 44597 40806 24444 97739 28063 97203 10284 51317 24384 92323 42821 21789 94356 20921 4356 18190 10645 91786 71877 647 83903 3281 40370 94699 15934 79753 37343 16296 91045 36276 95750 80781 42940 88117 75330 76474 8829 76701 10684 22415 47139 56439 52695 24116 21928 63773 97489 2486 13087 1609 36376 98543 66568 99404 53733 56110 89341 62795 33582 31352 5925 79503 46616 92866 48097 46195 53447 43602 28822 50548 77561 27713
58738 90428 97819 48411 41641 98126 98010 21903 65116 89742 40770 75983 12759 75682 3730 64863 295 1250 34471 43144 20099 64708 55601 3711 79816 68169 6956 63194 15839 46764 93940 85411 90537 14173 52230 92200 74367 76661 24049 69873 55030 34871 39278 31124 53342 51249 55177 11671 75260 73721 24230 82541 5637 86782 99371 24721 99220 96163 49928 68894 53040 48355 89330 629 70735 11160 68617 43767 99842 35911 68762 86434 75373 58020 48823 52469 2753 26169 2709 75889 95384 52423 27807 11893 37248 78183 79613 36841 42450 41547 66335 70388 75445 31007 80934 91346 67813 54874 96911 72343
13169 94763 53816 8549 75874 28039 82812 28190 42404 68142 92300 80548 30452 63311 10592 72727 6750 48406 78720 38482 90721 42323 98429 33375 23154 1207 33799 14508 19778 71056 16201 52273 46091 34475 94353 21900 61042 22871 32950 30749 16501 72842 35600 79782 55175 76683 3081 53738 23451 88279 38978 11586 23797 42242 37521 54280 62728 19356 64383 24948 42773 21825 51156 48015 33139 68830 52092 26849 31439 99318 97278 74870 15627 43935 20399 55248 16099 53736 92096 17339 53255 96716 14611 83493 78373 25899 49436 7558 47448 22885 65193 89566 6098 20510 47956 72509 22630 50974 6989 11355
32813 78805 8185 52835 27560 72267 49277 81540 13202 81231 47738 62831 42820 71529 93338 74726 28183 48715 28685 17660 62415 32824 31773 49655 36461 12824 67040 23480 47115 82094 18300 65655 23063 61262 53369 46033 84408 18773 44692 6048 44318 95101 72859 32867 39067 1524 5327 93123 58862 99362 2928 72272 91837 20887 65672 41610 85844 56835 70840 15238 32376 52720 97358 53159 94297 77370 34599 80584 90265 30679 76089 14115 45870 16676 84119 27389 50810 30589 64965 84613 73966 33888 40295 6674 61641 8195 13540 53305 82929 6393 38603 19865 38831 86536 10060 43833 95828 63603 37808 95476
38054 40413 9462 85463 29780 80054 71491 15353 29123 52431 24398 71320 51641 32913 33117 81841 56378 85097 20325 75780 33081 81453 96370 33520 96505 95326 12894 63137 12547 80230 57763 97960 99530 7049 68534 7886 63756 71103 73727 92124 92079 72501 39492 67271 18263 21437 74020 85062 92284 1334 68697 81284 44979 48273 98974 19720 58675 37335 88205 44665 76317 17363 64847 27746 84528 90708 79432 170 2802 33707 21296 42868 41193 67340 87269 60681 66806 62000 1061 22246 26223 19476 13197 58375 46870 79928 32975 87341 37207 56919 33903 51114 27526 26634 77266 1491 7875 37309 52567 21013
61447 29555 9370 69738 15276 16409 48307 23027 79228 78014 44189 41435 88782 92830 34767 25606 25169 2728 88315 7881 34655 84703 10559 67558 27877 2061 14488 27153 40312 81960 78228 58401 43471 93505 10252 67756 66697 41067 25283 33748 1453 35436 8883 63424 583 61828 5857 46855 24466 80664 88778 71065 64925 45805 60792 15771 81740 70896 30368 11203 80464 21334 1079 18628 14321 19497 54616 10694 38844 40744 64641 29588 79759 26891 31833 49834 67961 73946 46224 24839 73358 4192 91715 15072 22569 84744 59621 65265 17270 67182 42515 93403 59560 86732 3754 96122 48520 93946 39924 14871
86491 44226 62054 76809 34547 95766 13907 18613 51845 9220 66713 26727 30605 29593 78497 65418 28590 24149 14002 59351 82247 23888 19409 49629 34439 31497 93466 33493 41145 69782 96016 61371 15989 14656 2111 34472 79412 1339 94842 21355 77360 10855 75397 46368 82142 96156 18695 274 23722 45667 78408 74795 3338 63199 81933 44377 82550 65919 93664 52788 27658 81626 77549 33611 83119 41842 97300 62159 28054 80056 29823 45200 56396 91618 15047 44712 20057 17662 48919 92569 87593 14681 68384 63946 17560 16253 38782 27865 90420 30388 71963 67136 31505 15715 23069 23080 9022 59290 81712 85229
95954 89143 78666 9124 80869 91866 55558 97737 61050 48994 77720 63206 52526 8212 13838 47913 55057 2786 5380 63473 82912 98082 41962 31000 2627 26350 38097 29010 26214 83887 77270 85525 84135 4658 40177 50287 15249 38196 53534 51753 26332 9256 42342 96409 83202 49120 20911 87631 57404 61340 54752 90813 39987 16450 46085 96868 15832 54338 42312 27385 667 91354 23496 97226 19339 3442 99127 97606 84236 7294 84009 1834 24588 30264 41370 73390 97905 68756 31310 45481 3764 24169 63695 45252 61279 7289 95180 95521 19807 6918 7315 60853 89921 64834 54147 91454 4867 28801 70024 14633
13163 2364 18718 54744 45588 45369 21509 5556 76230 99858 76803 95701 74284 68088 36926 55449 12776 83225 65085 36396 99773 39606 92378 10961 48736 43591 67133 69158 22728 89257 15215 66721 86267 28491 19225 94776 26660 66808 59267 85480 13732 2647 27675 6123 78660 7533 10720 10535 78192 65293 8620 42844 23737 75232 92916 98858 77524 78575 62781 48720 16482 7393 70517 3484 41754 32535 88340 72959 12664 47277 14990 49631 77058 95736 32194 27398 81035 83953 4345 75138 53956 87243 553 63877 12693 37097 57779 50286 84405 66722 16610 63337 76812 56622 43979 88201 28232 32133 43212 54205
57315 21575 40652 1689 64274 89885 19051 23743 53324 22040 90886 92742 16008 67194 60376 72975 46088 88000 47221 33852 31956 37826 97882 26029 80091 1272 62866 27905 33298 57318 10208 55272 27095 29832 33738 3968 35797 30958 44796 23524 4911 57325 81803 24248 60219 32746 12083 23380 54303 87843 64839 35033 76860 32328 77925 51809 79789 25402 51254 63532 98014 76079 91546 10908 55680 91806 84293 20736 75997 13224 73555 52900 91802 81691 95352 4232 49732 11399 29265 38764 37438 65045 52139 42703 65574 6867 45609 56486 55531 70590 18900 83763 55940 65536 44294 76933 24891 69706 38664 68821
82892 1518 1101 23465 56186 72778 20161 30561 77475 95520 85877 49146 91320 6056 78517 19362 87009 119 23845 9858 34733 96083 89794 22277 41403 2697 87514 89940 88565 452 62565 7699 28609 13602 26325 41224 90094 55461 74099 45931 54105 82194 77487 87134 33825 10915 90882 5888 91820 72238 68090 80431 73479 26537 96713 71143 3619 35811 41246 62528 63690 91619 75799 28857 45461 3066 11198 41500 42813 25031 9530 55312 83323 40170 46652 30817 45515 78533 95064 46581 96957 99524 20548 38477 95981 69570 78168 24519 20393 54955 403 66511 68416 96926 20048 91905 70593 59066 4201 33706
16705 86730 15034 53289 32921 50485 71815 64591 3690 56301 2852 59921 50264 13171 8311 7482 61122 89964 98363 22523 96075 28587 21863 25948 86250 73407 10841 88218 13211 36244 73536 95222 19328 49542 91081 58931 54694 55648 95443 81103 84072 17783 14164 41401 87281 72108 8565 58501 72015 58053 23800 53502 66307 65922 16895 67260 86589 77499 19349 83041 77449 73473 56842 57277 65935 38881 66945 58930 81318 37723 97268 11237 75282 17051 52909 90693 154 59104 47118 65380 5365 25468 8079 50394 30013 12863 59856 26514 2367 1961 33571 99786 74058 15729 42576 55941 82226 67075 72660 4316
5161 55091 80779 90084 45853 47113 42226 44428 17135 58008 2931 49950 17819 71424 53457 8575 6636 80533 15910 81969 67076 68663 74767 45031 38775 29882 93762 86361 13661 56994 99520 95398 15561 37885 90764 34502 72194 69658 36301 36016 57032 80789 36725 88274 90635 27562 35604 51318 40322 39709 38785 92958 61435 72534 14552 36849 55923 15054 80623 16153 46845 76917 94808 74425 36247 74315 46232 77999 2903 21145 60237 98011 68673 84207 65685 72159 51138 77483 2354 43652 13130 63833 73934 83572 68227 78798 40195 9207 73289 60038 70146 15023 7902 92963 70998 28880 4950 57616 86704 49324
34485 12050 94378 3769 7911 71078 52704 7274 92580 34909 64688 26013 37888 37988 77454 19678 49868 17144 46710 65137 90460 13977 52726 22304 15265 44163 31904 71332 30027 88834 88540 26452 22726 69360 89681 36619 80511 6730 8417 64499 72117 76314 97460 81235 29792 25194 86398 54152 31687 22897 64770 91410 67198 94333 4701 33508 14071 48954 6275 37685 87875 3459 28407 98078 70608 77509 82698 37273 5826 42807 90304 49889 9237 73186 67723 53163 58979 72088 55431 66035 83940 16511 23280 46740 61033 62832 32877 85198 75807 28333 62314 22470 76376 2540 95531 62982 44061 10531 76096 65078
58228 34420 83521 49557 29296 65060 62799 41447 44093 39326 60589 62083 46384 74648 6256 81292 64820 36370 73694 60201 12473 32125 59589 80206 92041 94092 91904 1788 93284 75023 44983 83050 67160 51250 23617 38768 32092 79030 45509 38716 13923 69566 87512 83732 40600 26681 25234 17052 18061 21405 65813 73861 65704 9177 52304 28108 48249 43677 5331 59233 40015 71772 71610 63370 84582 69223 28356 71242 25405 73462 89038 36847 85219 79821 31431 65658 74418 5621 78237 42139 12781 62439 61448 29677 65679 5347 53833 37215 63090 19140 83842 9855 76095 68094 12806 15242 86054 28027 76628 78110
65174 81624 5027 17885 74747 38040 25316 24908 52723 84281 65165 16727 99470 34501 95730 35204 61830 51195 4536 93961 18272 18966 69393 83443 35537 84042 60982 20097 38246 11878 7847 87983 4044 75427 68232 75657 26312 27846 43605 11183 69082 57519 86851 63651 80923 66788 45983 71808 65042 77670 88810 92136 37741 45896 91163 53743 82805 17113 74828 36906 88187 63231 67681 36143 7078 35226 71961 16206 22191 54985 10058 53025 82080 67405 74086 99084 69236 12726 79066 68506 22396 88620 75738 71034 26738 61888 48867 51898 3938 11575 14338 57784 42202 23473 85833 61070 2004 36890 25832 59680
59374 660 16230 77015 80231 15878 84106 63633 61385 37269 11148 1877 49788 22382 31523 62099 42096 40220 52332 81225 25295 51044 29147 51314 87030 75381 10904 26400 66063 536 33545 8751 78282 48883 99047 5141 86543 33934 54242 12149 37579 2823 31678 45003 22567 77504 95050 602 11794 89368 87400 28060 65985 66842 25341 98982 92234 49925 67177 17931 80055 37297 299 30738 66148 38357 58721 78898 18983 73391 78142 15025 8852 33547 10180 89641 15671 97321 59199 34531 1823 44048 62762 72908 97669 53101 87251 11554 26880 60032 53685 11079 52745 78308 16148 52432 99648 86275 54043 46522
19651 97047 17715 10155 16187 20148 37994 80465 93153 75851 82726 93405 26316 39346 34464 75149 67091 31907 53164 53869 71188 53460 75206 90716 94352 90279 41457 360 68536 17362 76065 23830 74387 60612 47519 29746 63507 63736 38966 78018 3352 93413 47457 63489 76786 68582 94100 56637 77575 24436 45725 24892 24587 4779 90823 16502 37528 39143 34233 70417 21596 37190 76393 87363 6057 42208 91367 31865 69670 52639 64331 5764 93581 4407 54143 4754 1251 40209 378 29329 69847 50171 68138 82358 50763 80877 70767 76561 33657 46530 6183 99958 88914 20400 888 55207 73970 68887 14237 86705
21294 11926 8807 56199 28585 80508 60247 32573 45971 75614 43771 1627 14196 28633 56538 9105 92237 52626 77079 26992 33959 46241 55544 23871 48569 94374 36761 36145 42464 17748 35481 28643 74240 7126 17656 76996 64891 47770 8483 20417 4572 6978 51139 25342 11530 10253 46868 55415 34623 50093 23689 4524 17299 25355 41481 23186 39720 2450 66227 93382 50967 57948 17146 61361 30872 63887 21547 48686 8109 53387 66969 72037 30984 30808 47276 84239 88480 66600 35603 72947 19026 23097 64056 21996 88638 834 2197 88603 78240 9791 39689 74834 60932 45409 23905 32582 93541 400 52722 904
80922 37622 86706 95441 16945 8906 55681 96724 63543 27017 56996 58196 14793 19453 52786 67345 35181 20416 37629 39579 97361 17012 15920 17699 27520 53207 59534 83769 24706 92900 52285 55347 34476 52529 11816 86210 64134 77116 93838 96224 11152 7990 39737 29704 44889 57587 2467 69439 5545 3747 95684 45103 10214 56826 6025 77182 8984 56817 11608 55466 76790 67043 93543 7438 63537 5392 89371 91566 46461 62913 23337 3016 68845 11130 85290 76253 73444 39537 31671 34038 14469 69662 39956 76981 75980 91499 59059 58210 3929 36436 15302 93221 54643 29229 2826 22129 57202 43129 89495 81838
43172 35891 54070 30957 93195 78774 44885 51079 98508 19953 66540 14565 80144 71735 56192 20369 11984 35334 28700 59665 69243 30713 84848 20789 30943 80539 74853 82276 96529 14010 84963 64271 81205 97538 61701 88781 53890 7193 94061 79743 42058 88668 29602 20186 48483 13724 84739 48344 96431 53133 41857 68026 10152 95903 1626 74435 63945 14594 55003 35239 61306 500 45445 37921 73067 70507 83294 40236 32747 29779 44423 1489 32270 47992 18259 69216 82843 79908 82801 76892 9528 40662 29198 54129 87708 17643 70394 50086 65792 16636 53352 1388 79438 24481 73073 92702 53136 34653 80026 4243
32802 4004 11823 87719 85438 29018 67152 59667 30799 38755 92419 21029 62096 21147 7376 19334 88931 79108 12232 48317 90107 63196 98343 94910 45244 7129 8011 69325 3617 97377 33181 14059 4986 89228 28103 76715 31004 59286 39665 90648 21786 63920 25488 26808 49083 97692 92871 20008 66927 3692 55440 32295 57583 52901 76862 98679 13787 24162 9916 71694 78942 651 83156 29646 76181 32834 89251 79035 16022 98088 4401 77012 38327 97709 69183 72894 32763 31796 16263 77552 2003 34923 43077 33885 94949 87002 97236 54681 68275 54117 90489 36310 89835 55015 39082 14906 25956 97521 65043 62791
98730 11570 86789 48461 65872 3298 1612 30636 42170 26736 95205 3951 36887 83123 33478 61145 20959 41522 38483 24686 5863 24978 63839 19088 6190 10711 3264 81441 71544 87367 28803 23816 96705 37858 71265 19138 58080 30481 70729 64180 406 46350 97080 36739 3418 15709 52951 88885 2233 19226 64263 39997 54476 3625 84904 3923 51472 24629 92161 80767 16637 29758 33274 9825 8047 18158 79155 26264 44285 24249 97052 248 95417 67440 88341 27546 27581 67782 77426 87958 36238 39168 57635 44560 32541 35206 20364 9211 6609 99749 96918 95649 40399 64275 28518 79690 49479 55830 76512 46808
31371 61082 59949 89236 32050 21127 15031 78741 72397 12613 48320 66052 51701 74227 37252 40901 51470 65353 50183 52287 17106 28487 31276 98719 97689 91703 65702 98973 47991 35221 27857 27305 20470 30715 98342 56510 96946 25939 54505 54954 19490 60747 82021 29848 55294 36295 33530 50157 71612 67629 1707 15170 93814 12355 37275 25400 72145 11932 39000 45151 91502 18841 68266 12184 92899 11865 49716 8551 64766 14351 92643 15482 41408 250 21898 29467 60542 49724 66512 87216 34510 35573 97765 42886 15221 36499 36438 15554 15300 67235 33763 23667 66847 16185 68251 50651 3009 36706 21594 64937
54439 14643 82335 72786 56509 47812 94607 11431 71193 7611 37005 30576 31304 12368 98494 63253 77063 89896 23637 1544 26887 75579 17456 77953 55447 72149 18706 25574 82927 47470 77881 61255 87554 59709 90690 5848 65311 22121 5501 19606 92148 25243 50172 91370 30455 6489 52035 90877 5402 54301 15609 57376 9969 963 65253 11035 73524 83122 46772 40317 57917 21875 28187 64255 1328 88901 22108 42683 3294 22016 10523 292 4367 91487 7416 74566 42447 26134 55103 68805 23551 78220 68390 33353 42436 98022 50359 30729 35816 35439 99622 99289 25444 97470 87750 57913 70931 67477 34028 3420
89842 31155 48565 97829 24834 62989 30863 24507 36078 54767 22710 99836 40053 91130 75666 27373 27961 22426 85240 69695 67714 66633 61899 77655 79038 23424 22356 16758 32109 37408 89755 87198 19133 41012 49636 8426 79606 93903 27535 81872 64320 50101 16345 73812 74168 78694 8290 82025 11520 80535 5561 23542 89484 65656 10508 20013 28120 16882 70819 15698 67641 51865 31356 44624 29803 88542 12698 74533 92723 64040 81088 1894 86791 1755 33526 28488 66685 96178 60536 38421 5624 76551 99736 38420 4942 48174 19021 6127 22411 63780 45070 55348 34172 17460 27927 85665 65677 24282 98737 16770
8141 36768 82970 89421 44261 32346 87380 92966 72316 39186 94364 86366 87880 84129 53769 70680 63687 16348 84970 32401 62324 28987 72625 12381 41855 54617 80393 52170 13054 99516 83252 6175 6955 80472 91827 7377 66145 49284 9056 29556 71354 72694 30124 79186 13569 18 13143 96681 22774 45657 16277 21690 7921 66163 71683 41374 17206 26445 21739 49641 23139 48330 40344 89041 45320 69944 75785 79745 92545 2265 52015 6465 6992 89488 53334 77521 52385 83360 3555 86895 1570 52272 91921 81212 91000 49643 90474 36492 21565 57961 69303 2483 12750 70923 66453 31161 3431 9352 73798 77255
73018 81747 69914 92879 68073 20844 83314 45389 14101 8435 70457 77275 45326 60228 20079 55390 31611 34236 40606 87185 31012 23275 98201 83659 79062 41361 21248 13045 23205 69694 71684 29120 15675 17735 70763 52599 45199 43814 96306 7506 18725 1641 47433 20890 64207 12503 68395 97156 42005 81446 32473 86497 96287 35758 36296 67748 37158 49418 52656 32462 23174 75819 94389 94239 21939 13627 16556 11809 84875 1018 9563 16975 6753 95561 70817 40835 62705 44938 79647 92764 27107 88086 60577 69860 90291 30995 50742 48997 51902 35478 68686 89162 11711 77234 48431 50109 61784 41771 50342 42249
86751 20279 90594 32599 74267 20909 12716 9416 48674 60268 45580 58692 9277 38447 3124 57344 31602 40505 18163 91724 98546 4261 37991 28004 7358 48498 88971 49091 13309 93031 43223 63699 64893 6498 96623 15231 37845 80969 92375 50972 88742 35812 37399 57226 21339 61291 68950 1490 54872 49488 93602 88385 37167 86185 35545 79800 92543 62374 23674 72420 72675 11988 15291 8445 89939 11710 44051 48538 59823 95839 73038 55333 4852 30828 60817 8076 56779 59310 89059 56612 12157 8667 10959 17319 12695 29192 39585 25699 458 65146 49823 48805 43006 56310 91055 32009 88122 29654 30801 64450
64346 49151 58260 86928 44725 77274 9863 41850 70523 23850 69176 2416 77453 71079 20705 7473 68042 37222 74569 45122 56203 62552 16785 49924 38314 63733 18192 77194 73563 6932 4213 50531 57945 34436 14177 35933 1387 40281 90355 92618 20591 48056 21627 73452 77221 80281 14787 62588 95697 30878 1292 97745 13267 24339 156 76069 28019 15223 4699 53979 80680 58895 68074 76691 39660 26462 98522 26100 36942 73446 64281 3530 73747 26261 29631 36769 91141 67289 61057 17293 74025 73878 68071 86040 91228 63151 69661 74320 38833 46076 18655 20062 60914 88103 74920 30787 36670 60140 74279 96821
24898 76133 82903 20612 75412 8451 97619 49912 92857 58336 14500 75557 13581 35536 52397 68640 17889 41115 30144 77135 1019 17205 23814 66934 24431 75605 31531 83043 20317 17419 26977 57463 86280 96276 2947 1587 66870 3195 25215 6399 45056 45015 49956 40760 1974 99756 54397 11245 56029 91580 10741 30786 73995 66378 24297 18479 49095 22107 40665 53673 99041 8589 39549 79865 4969 45282 99514 76873 20572 39021 35270 74529 15618 27266 50224 40405 76054 26139 2175 26982 15147 36030 37750 67446 29487 55129 93878 15853 40987 34742 37712 37978 48358 47094 36413 84748 47293 3709 93449 93624
80663 41314 24648 67606 90616 27499 5005 2405 56790 1505 47475 22928 67029 40126 68001 3134 69714 55565 27463 19293 10555 99432 64024 75791 42251 68939 52295 80101 18454 87775 59901 79984 33858 28694 24418 4826 76903 6676 58697 27341 2134 91143 33159 43929 75810 14064 40580 88658 73943 61117 39372 30628 35131 17965 35588 11244 62273 79730 49579 824 17464 67573 63670 71996 33280 80562 14652 99586 48873 57153 16592 89686 6943 16711 76974 6650 89953 12277 9992 6259 82798 15486 74125 67008 65502 94625 46233 90814 32956 4819 2924 89922 66196 32057 43352 22983 33505 18449 84976 83310
35901 76738 69282 50226 34156 51479 2559 11101 92029 68328 17289 399 75380 26732 62571 66410 97939 46097 83798 10517 60682 47254 82402 35474 87909 25253 49357 77725 76645 59617 35116 61223 88055 86489 72967 59046 89241 5983 2431 21533 68779 48785 28647 75911 59633 78697 36977 4879 98021 88346 58380 77937 48299 93927 8498 42507 52582 4346 55027 93797 90861 77659 43130 44235 88780 87929 67495 94800 81020 13913 85915 8788 55387 20597 96097 911 36455 77019 73346 58153 2255 79962 49072 29089 9607 49942 82267 90920 2079 73858 43882 90488 29569 37008 38224 7325 69657 83337 54299 51860
20060 81809 87076 78577 10562 91683 55018 62759 14749 61598 26570 65540 4613 56113 54977 34062 29730 84527 50976 12139 81099 17723 72671 29058 4629 79022 64089 77066 99722 7200 62408 45181 60566 12059 86692 50804 91456 73235 81030 59437 89664 90475 18145 44672 77222 95331 908 51360 34106 31185 74610 33684 96252 17534 92370 68987 83591 50620 53549 9434 11381 87850 90659 59148 1916 59228 16970 11591 54901 97615 22343 20770 4280 48761 66620 19116 5822 85756 41862 54908 17538 56107 55750 82242 17774 38178 46950 63296 62280 26975 69278 62944 62381 76593 29268 60740 36788 44066 94172 62568
3190 5866 30075 21122 46171 88723 65568 16477 44515 44722 24742 94140 1952 71848 33983 56606 75923 33439 3868 17283 76200 35602 71196 22782 14170 45974 21328 61510 89762 46593 78955 77217 5344 23892 22775 94130 96687 74498 40982 46061 77868 11767 26872 4896 57888 45600 70471 75688 16197 11666 96475 57604 57245 94143 62412 99462 90327 22560 39327 4176 69780 69626 55144 11489 65223 98183 97794 65473 74224 76358 36784 96337 29665 39104 94770 9803 10881 38752 96303 90803 4365 47167 67717 81415 18166 98423 43047 1684 24952 15279 59783 96397 73245 22086 3982 95049 30841 31145 53875 81452
76625 46788 95209 42084 34137 57524 2541 8259 6645 99397 46672 36961 98069 85147 96871 94772 1819 9300 42649 46797 47318 64368 22948 87357 54360 4438 2304 56291 41041 90371 78659 28551 58950 90150 78490 37940 21931 64640 6803 36 81472 42660 68269 89578 16268 54383 18459 4355 73548 95045 83654 18836 21272 17262 85185 72179 60641 76567 96655 72866 9957 32538 9095 71888 71573 60339 44155 20318 52784 63104 2566 7530 79392 21823 11299 35801 32847 99949 73001 64431 14606 29799 84080 56980 15462 27399 38646 51091 43454 83267 16136 71516 82997 29427 87759 64794 35022 69279 51874 71202
12329 47742 43120 10068 20929 52198 75322 25478 33035 55489 29918 14390 7981 24619 7658 39114 46395 65377 5290 55298 43194 4417 709 16373 35487 76212 97752 62965 61836 14850 28789 16686 60953 64582 41253 4793 96493 32636 85233 90497 84649 75356 75679 47235 22826 95111 95142 79209 97242 58605 98814 61368 72882 75287 76423 47904 91980 75303 70579 92389 16709 16689 88727 33346 19801 12674 87910 79885 99503 48868 91605 44182 29370 94189 58313 40883 97397 72242 31667 4517 76341 16595 24173 98181 93716 87374 84167 77855 28043 3694 76602 11924 73718 20050 86002 31826 67771 78591 57528 76130
94583 30625 7617 99922 84736 44924 72445 63392 27167 50999 65390 40400 8180 12867 33273 12749 39325 4181 81470 97756 42432 68752 18649 53168 11704 25267 60758 64995 35063 13138 68670 8242 34159 46198 99173 47516 40326 4601 90579 66445 43626 60515 33616 50170 62450 56021 40918 12132 64231 25335 80717 15325 31510 51154 11915 10538 20320 99260 90398 91266 82764 29000 2595 1899 974 17399 24420 37122 71733 84604 3534 98321 57263 26033 24776 4740 1182 60538 4915 1673 39887 20783 74438 87808 67636 32826 8685 97798 73944 53092 66630 86371 25740 76678 43073 50903 21480 6285 89312 4807
31740 15692 67691 71370 93083 22711 13004 25277 21882 20545 80648 94332 7852 31841 30707 14994 62805 11800 75704 5724 93687 12253 22100 88350 44853 85524 7765 5253 18075 73036 34964 21466 63551 34985 4059 11082 5811 60204 2105 57480 12445 84195 97734 90200 94963 96029 64545 17693 68200 91384 9782 92312 38103 41939 66496 35562 50258 33002 13552 46397 52579 6903 79015 97333 92372 90694 55457 12098 27596 69482 28049 34495 76673 50909 50982 18096 17310 59132 56257 56536 1221 59392 86783 75978 10988 7191 59036 7769 95051 36064 40530 77146 36591 94028 70576 17091 88260 8383 93950 79434
45941 39061 80733 77887 32674 67983 14288 61253 64172 18625 81985 38205 22688 39901 36038 7538 88009 57724 36803 71465 54246 81271 6381 12210 49207 73594 34689 74551 54027 40541 89281 69685 64880 2789 72099 71865 53616 57287 12840 78984 35745 68917 1206 10353 89656 18729 56582 42623 91494 44352 48218 7357 71386 16172 34085 59725 2857 32200 78985 56615 13176 50705 78434 15268 21091 78378 68191 6853 35220 11699 97877 58104 94322 95020 15841 6092 60001 68397 34308 6112 33875 23091 65180 93075 89009 700 3820 69451 44629 70262 823 58406 71646 96069 42760 10655 35298 47320 7236 46056
29197 47878 9643 27665 76465 87697 99040 59219 60676 37690 17979 94406 15848 9641 28751 68296 77112 47378 93236 19727 81604 76278 12762 44994 27541 12439 86367 3723 94731 89428 70171 37909 74765 96982 24181 16252 75974 4953 39650 82943 16525 36542 15907 62045 83835 61004 8994 22916 69373 77141 15227 16264 13438 28304 99694 43563 13663 63482 11394 62125 42924 37618 53988 15114 95856 93779 6306 72852 86654 10840 18587 15416 14026 23143 55615 60277 90080 32390 35305 18646 33396 86182 55448 67918 55432 21320 9932 12047 90754 74935 54090 5592 14839 84492 14246 63034 25805 27524 15342 26958
79881 28577 42365 62593 83892 63519 95203 52143 68795 66284 58385 36265 19876 64174 59105 80445 29729 78727 35490 31876 39091 69107 52590 68097 4242 60252 14776 26353 81321 17290 25392 47070 17978 65720 19709 97281 97586 16707 55783 48986 22487 25796 8432 70189 15612 43059 84393 59986 46401 97410 14188 28037 23947 99894 42156 50185 75768 58914 56733 48284 33648 73204 27608 66185 59054 66784 49504 76539 10943 8361 40183 13200 60888 52283 77515 95560 70212 80631 76427 52267 48038 29591 30730 58257 22742 56362 39513 43911 32760 69853 90687 47092 40642 40050 29128 4771 59378 23212 91578 31762
