92 85
37035 38449 11222 86323 33217 88710 63884 89971 96642 33347 17031 55172 75419 29888 97233 82381 7905 76131 90090 67257 65598 89074 77728 67480 67907 44348 21143 22857 98088 58730 23110 63955 5521 21897 59356 41067 36973 42000 86920 86945 92780 80076 78830 77516 43995 89669 90743 81166 56637 61717 79642 39527 59306 18087 65411 95364 35699 99074 90667 36781 15115 42822 54868 65987 69187 67688 77384 59526 92156 80916 95542 30847 52776 74473 81079 51776 37345 42863 32271 92868 93055 78092 65117 7782 6893
96112 94283 74418 29853 93832 88316 47907 30851 72190 4157 83328 14532 87360 38309 93451 43803 3442 61848 9666 93562 70505 86217 16288 66221 364 96586 93523 24521 14793 68570 48217 33334 59468 56157 18919 31476 35870 44401 58797 83365 2669 99686 51417 56368 94327 25806 99671 29265 90178 96591 29934 31368 81865 80876 60743 18970 11561 71414 13999 75512 69907 18418 12429 50797 99621 62690 21614 43014 71033 1177 76080 93053 69850 19354 6159 15881 51295 36205 84736 56578 89388 41791 28522 4666 18857
70895 1603 27813 4014 73320 20681 10032 73921 40589 30889 39219 22144 9061 37605 1133 74728 51499 52009 27376 68141 45629 84551 14791 61328 38389 16884 48229 87723 72491 5512 25429 90498 730 7230 65297 98486 95155 35577 82880 23618 33978 7326 30534 44808 36536 63977 25427 60045 22913 40378 27375 75327 25269 93059 78252 36449 12659 86556 68127 36629 26502 25134 36136 26545 1759 54046 64709 96361 54663 21484 41330 39740 6079 33083 32146 66954 62488 29737 97377 68725 92768 78195 8189 37433 65933
92901 12058 37603 15941 92945 12605 12251 7927 86659 97104 85174 87061 99996 32366 87581 24586 99680 93877 9522 58113 26422 4419 16995 85360 64797 17654 67952 40509 53414 6630 98848 94061 44479 47464 94660 59261 17169 65290 36000 76717 85345 1940 61 7155 33517 65503 7884 86732 65854 36506 92765 62434 21758 97487 14720 26358 10853 62034 17316 46079 31586 4558 11763 91372 52789 62865 72776 48930 33471 64966 26247 88499 79046 57957 42471 28562 58898 37691 83579 69822 57453 66134 93236 55277 71474
26237 8321 25368 95607 29463 96576 8656 60500 77101 24789 30481 18189 61454 16353 23103 48680 45502 47919 76012 10607 18817 87064 96582 26478 91914 95096 61577 78049 47280 1842 65362 58769 80032 50104 88170 6538 94788 13939 18450 13525 37355 89396 76081 4870 87215 37389 87867 63792 73694 13871 53674 12981 90403 24175 93545 16295 18419 80614 43799 75835 18421 75004 47829 88866 3638 37267 42995 49954 46535 1557 89016 39500 39379 95275 21860 8589 63133 5883 97031 46546 66407 85233 33839 84912 95321
21074 24851 94941 66999 84404 71298 93833 99453 79774 12633 83196 97613 75942 15292 49641 31016 85342 38577 65883 47311 8831 85583 2859 20946 20914 94173 50329 64036 79694 47803 76345 25921 57506 78320 20493 84619 31635 27811 79039 43943 38795 50364 48868 53843 80126 29261 57135 68087 83314 52318 16747 40896 97131 88742 25254 90707 87159 92572 26385 40946 24497 38699 61983 19368 7090 13842 38163 48310 4685 70601 75166 40592 48794 87672 32100 72338 12694 42787 53173 23364 78616 2067 47618 55526 87399
15014 5343 82567 16184 61008 59723 18655 74460 62011 2118 78615 29328 7862 95531 33687 34832 70030 85995 5125 2049 87072 27051 23390 2325 92348 53183 2117 64900 18552 22046 85105 9158 25586 99510 89839 3055 29916 56370 72169 28437 48174 84147 32860 83582 48205 15709 41938 46672 88980 71293 77498 91839 49156 98810 21996 21733 97175 47848 84425 27727 52820 72173 1654 63155 28634 89772 60033 3211 74070 41177 47096 86798 18534 40466 12320 17075 88639 37004 58109 5298 31289 93539 2334 35572 97246
16095 8935 26012 94032 28652 16419 25672 98514 53856 48277 53162 80375 52329 83304 11105 49999 68482 46908 21440 18503 95208 78207 14321 89652 26509 2219 46654 99551 22248 8204 37997 32003 25882 7940 92172 59375 41491 1919 42380 98881 89914 7946 89862 42244 77446 91732 84807 2777 34298 23244 89276 23454 42007 83354 28325 31574 85234 28617 35837 58580 4557 91744 32352 41192 69984 8701 86979 65154 47893 40172 19360 30473 89753 88380 30276 98222 85008 80564 83970 47865 16663 9053 48818 27657 37205
25441 48566 13634 53574 5332 46860 65968 2292 96838 2865 72636 75486 58424 92905 56595 87736 61171 23189 39007 46287 22542 42773 3331 91268 99083 91283 11160 10832 10065 29331 49184 26978 71954 76442 11426 85198 39203 1017 62091 65803 12582 49628 86250 44254 59216 53568 11953 18700 69013 22961 26118 35442 58252 2116 26821 36492 52975 15268 31890 18002 33905 49880 8700 72873 80559 83127 49564 89476 91265 41133 13486 54614 25940 2851 30461 13538 85064 66974 47838 38426 70312 12266 81041 82872 22393
27707 31004 55525 96135 87588 80386 97812 51693 99091 51330 19069 49974 63800 53133 72600 98648 50084 52714 43728 66306 27611 57129 39771 50313 94257 27765 79987 71150 12830 2779 12737 77360 26803 30970 85616 2443 63774 78573 36658 79731 16577 17431 72897 18637 36489 56093 53766 24632 96283 94111 2516 89888 14818 83516 42454 1462 49029 44220 14882 89379 54976 23400 31375 49037 69824 51033 87958 38115 95441 15320 58737 20749 22447 17233 55024 51972 79786 37144 84068 77692 80637 36236 15451 4524 81554
80241 21241 60516 59941 80234 63385 13416 93566 64329 7642 46132 61967 52098 11432 98897 50934 13768 78637 89941 6231 34586 14564 60070 78476 24972 5963 43541 3214 15623 69519 55623 49509 32692 92818 41875 60140 72407 25472 64601 11306 38305 6384 35166 76943 40324 96104 10458 94694 88577 82040 97234 77415 44638 36096 87752 96419 80183 82922 99924 43782 61550 6687 20552 87091 69388 86694 19862 63620 68026 87878 57968 75988 56318 37339 13681 75773 23478 18613 55316 61347 50340 89951 54681 15609 8087
51644 73732 79285 62565 54594 37644 78987 96938 55907 92751 28490 75582 22539 54446 76300 90721 87202 44281 96579 59347 47840 83916 41432 88846 40145 88175 94844 13807 60976 25410 8378 68727 3481 5205 74590 37786 17261 93489 41793 69948 37440 19289 63352 17038 99000 18601 49806 94243 87382 44671 33725 89977 99162 70771 92388 92185 75680 94607 76237 85323 10695 31617 34097 52746 55044 45900 97210 59819 7779 99202 68502 60535 79299 12088 12679 41652 42531 17363 54306 63601 11389 85800 31089 51287 39368
27239 92325 97397 98333 14654 80913 67603 27894 73170 98294 92079 81788 54105 17213 37182 38548 76561 36747 6134 67879 87428 76649 62858 44903 6778 87883 51461 30437 67425 35114 52011 50074 76450 96308 90945 45250 17957 54820 51925 71660 52978 10735 36014 87377 88865 91726 73450 22648 44383 7345 37831 99608 60175 94753 70918 86259 33399 32335 20654 46148 1778 88036 2069 87690 6609 83397 81068 82479 18393 20485 34746 84351 55124 13491 22252 91320 23996 24524 16587 5412 90306 3842 1950 9308 30164
53283 63403 26442 23095 97257 91387 93935 57155 41294 29311 19885 98873 47417 61519 26690 59841 98452 29545 14151 43068 17528 82596 77064 53881 33224 24810 30799 75665 66064 567 35049 1222 24520 51832 10168 97894 23766 62466 6648 2724 71886 41167 71787 65656 64722 23917 92520 30667 15081 28829 69209 83300 6796 8981 41716 76806 46851 4195 23846 76532 35665 96749 25757 31627 59801 7870 28105 1844 648 66736 78386 68096 80358 91611 21212 44769 53064 59704 92189 13070 16217 85122 31228 2190 41278
53628 10418 11079 52744 54452 96769 88820 11343 73471 63742 24793 49997 32873 85623 3002 45289 96461 1477 81048 74735 3325 69744 11328 99719 4381 61533 77313 59929 3812 66734 14742 7471 46938 20193 85911 78173 85845 17056 26732 31496 29336 49394 34187 99217 26433 65994 26917 40030 97408 28331 80215 29710 43815 56303 91384 48284 51866 39660 34969 2753 66848 29062 58472 91787 35467 46025 51630 41847 10755 3909 44668 41815 55244 36902 25302 6782 53688 50982 19235 32515 93407 2422 44675 61348 3601
20217 12922 24428 64499 99445 34287 30059 63704 20015 79691 32200 52079 58214 54211 56503 8261 18644 33540 18510 59430 13432 76138 36674 12463 75319 52268 8065 30106 20185 2799 79049 80621 44545 36436 91831 76268 22950 67483 9446 7348 83598 66657 22176 91504 18512 56651 91348 30156 31803 2552 82608 84700 59076 87412 55130 9611 46915 1446 38919 17382 10449 58691 30509 35498 94567 41867 71630 96465 19703 77996 16099 22736 58575 50276 84123 14512 73105 20832 58750 27631 53203 83243 14201 60794 40266
69003 841 76585 4271 58915 11508 80485 48534 67882 97095 85644 96252 65771 89738 87462 37245 62598 55669 10170 92738 61655 88956 55855 31859 36805 68814 93472 185 7320 20393 50988 24310 56462 57369 78194 55889 66010 44983 8816 63329 36499 80877 13890 72647 73299 69069 96872 56292 20950 63733 12315 55666 94653 55607 37065 42814 69773 1525 70933 19650 28457 78876 68418 36031 39286 37871 81023 51209 3836 48057 43834 27003 37816 69991 66299 33250 31594 904 68193 91515 21743 59469 99591 63854 34544
59869 78509 37247 35118 30418 34000 51586 69637 53008 91129 57654 95616 20670 19231 76677 97738 99573 89268 35670 38113 88762 25761 92 36219 46567 93750 39512 33245 86747 77578 21288 93040 9345 3699 15076 70662 33938 68887 11398 72889 5759 70441 82092 71252 35412 66032 96402 51549 28808 74722 62493 42003 29190 53601 36604 17001 86307 81337 28070 81100 11440 37116 95715 37050 79382 26448 9329 91151 38134 51859 43629 33222 63305 56510 96675 39781 52554 58457 24968 64403 48759 78845 78317 64579 23532
44071 41946 18917 21104 64025 2590 57866 1742 39432 58491 28102 85684 85539 73751 92998 27866 54192 92335 35233 87137 66836 47015 35641 39624 49424 42229 13126 71136 48580 19478 69893 59224 14892 22933 65949 41010 29627 53014 62309 42287 56919 46038 57683 84038 99919 68883 49535 9921 54145 88023 51751 46336 65514 53409 95406 72153 66738 63608 71151 79188 7711 3561 33433 30327 14487 89778 43808 87655 21443 29367 89231 42427 65518 21801 93796 62980 80918 57905 30191 86031 50757 84115 85104 17244 45351
69750 43989 72202 10444 49645 49890 253 94069 42797 16029 56944 19065 93438 75450 34382 79185 6434 82235 16861 70695 11259 8333 49260 16524 32576 78285 27421 39547 68120 31746 12670 19457 78372 86754 27930 56773 74821 6874 51897 72863 78623 23424 74564 88214 25944 37741 63089 66365 94538 46909 78436 60614 40062 2074 35532 57349 20997 19070 70574 90304 80226 19925 3137 39012 99516 968 8845 74889 48924 67470 27124 90502 26481 1776 54796 72251 60008 27633 74215 75128 34355 50332 32769 83912 33699
7347 6548 45298 91209 11846 70270 28370 22846 6037 36939 24100 14738 67637 97007 44564 75080 15310 61415 4897 72721 61964 12763 52095 30655 92913 61103 32965 30756 44728 38478 19565 30935 73494 91180 56085 91643 84443 63919 94275 79505 8765 52657 80218 37276 73830 57782 94962 41889 98522 55764 32954 14030 43718 59161 25389 11078 13621 47352 70661 39984 58320 10761 84843 2415 21283 18716 63740 77241 86988 78244 35811 48678 16032 75586 83491 46641 39093 29788 87475 49935 78500 57583 91319 59670 59843
27026 44947 34558 89603 39668 51307 55361 5804 88082 9124 49372 93165 88460 1488 65357 83644 63244 81044 91290 77733 92581 46180 32888 67820 48672 88808 32018 73833 12587 51929 68134 64483 89381 62994 20699 83672 48046 17503 64353 13443 29135 63890 20643 7944 63900 75084 88578 98584 62782 24591 49450 26694 37251 64373 45626 53354 4942 73588 3768 97818 44776 11632 35921 77198 86581 41860 35344 29396 487 63509 75075 57425 89386 76296 61862 62791 11110 78684 16843 81564 442 34524 32129 28449 91949
46939 58598 29221 66423 9593 97403 47304 37957 75805 66357 85158 2626 51317 45583 17651 17773 45562 43245 38361 35653 79919 6943 86121 12710 70731 24086 24536 41049 20633 58972 4849 73374 62795 34077 79141 78284 5303 77074 35570 75654 49377 43021 3714 36986 67162 19218 98100 93120 52037 26963 3126 95061 82849 10600 37291 77235 95702 42929 78600 57714 73743 27398 45567 63687 78589 72588 18017 46503 14406 21665 21670 77923 36200 42123 76297 97213 65558 82261 41606 2205 88426 53237 91754 90467 38959
92860 55094 95215 32679 77303 49948 96399 26073 20646 40162 5212 17454 23066 87927 18401 76234 10226 80987 98311 55544 39360 19698 51141 99502 32455 89148 86733 35816 16125 33234 52513 56852 90381 97691 83566 17081 40025 97860 83423 99073 65744 31841 8939 25808 91955 68281 69264 2259 71175 89676 76340 23215 64777 68700 14529 2798 75248 7107 95630 20500 30255 47069 23640 66553 49480 20923 95528 24634 42837 10545 3614 2890 52062 51493 82460 81730 61961 87836 18461 54430 61927 81976 60978 57257 59579
22077 61253 16512 13866 96531 5860 56566 87386 43619 19022 63124 55113 46399 47635 18334 38070 33723 35364 52979 65217 29322 33834 80763 85818 75020 19606 36283 65516 89370 62032 77603 49168 75632 88607 39727 54129 11566 89798 33575 99704 19340 97242 53391 85892 6909 26330 35492 45698 54051 75547 51109 48062 35545 34086 77162 84500 71285 66451 81407 22745 11807 28273 21542 90538 57503 23515 58517 57921 68823 57681 6627 31707 2839 6932 138 31738 13800 41586 54437 49128 93037 37239 62420 51337 26940
98169 65361 85407 42522 96636 16475 21013 18734 25395 35059 5897 1168 68371 42405 99801 30299 91083 90673 72586 59842 45749 65878 34248 27369 13671 79941 32446 11642 25880 35688 56889 80888 471 10480 4978 48357 31399 42270 15235 76064 68889 27885 57807 20932 17947 82913 45475 43941 24780 90033 99687 60450 22450 6270 55158 62039 59727 23212 25866 13181 8984 97154 47259 84689 25108 14027 41276 72240 27541 4414 42485 14700 67035 96448 70939 47121 14688 30696 13880 72321 28574 55254 71960 60621 89996
30773 41823 8032 95895 45910 32380 40247 4280 11337 73175 89272 13811 5308 46846 94835 14240 60966 52868 25017 15682 81875 975 35422 61841 29432 82693 8753 91871 92932 35911 73583 22188 33863 10659 46627 6508 55514 8591 57899 37777 96110 81109 50673 32587 9035 19479 40787 99130 43232 57132 48241 8810 87819 88759 14649 3090 10144 10523 88570 56638 19424 26424 99871 10625 32368 71665 21895 32107 83315 61948 98028 59156 59707 93763 41012 46294 40188 9530 85907 60849 50205 9917 48256 65609 8564
50618 28722 73444 97677 23106 44140 32450 76456 51359 37789 74081 44938 11114 13247 85708 36787 89 48083 47836 56283 91155 38526 70977 32895 59340 77985 73004 4997 82620 58987 1724 36593 58014 64439 83330 93282 44794 94596 86467 32994 6537 9412 17744 84205 17959 45940 41683 8872 58307 42843 16485 22695 98914 31330 12856 45242 46011 99123 7486 41420 66871 62853 62184 15068 99888 71721 17506 3384 55054 71384 18719 26734 50858 88434 35943 19674 63534 84354 5834 5217 10605 54188 73846 68072 75987
72245 73092 54870 50355 1517 15247 14455 37057 9332 21029 44266 4155 5392 95299 29103 65588 86283 76531 30526 11448 45921 99521 67454 60085 60316 37492 6475 36815 55229 32857 44651 9891 81570 56222 93338 87656 35033 50826 21517 90220 52 67926 41591 86426 3703 24093 71450 66921 39365 69842 57268 64242 55566 99345 38288 78199 11842 82722 23607 70862 29604 42390 7731 87144 19662 62897 85637 38122 584 66078 25977 72271 70382 28827 17834 70808 31523 55620 55799 64475 14954 60723 63693 20221 34283
72626 50742 49431 39787 36316 71985 66933 94928 14760 9021 92173 78805 67909 6138 50787 48139 1437 50052 37739 43424 11248 18281 14571 62769 95854 22089 22949 50620 34451 65080 3666 38220 13351 41870 10383 92475 76825 65695 96450 98690 91739 83886 30712 93116 58494 63653 94187 43191 1394 79204 55935 44342 5034 57728 57309 65195 89510 98676 22307 54921 27671 15771 94225 47544 99931 67429 33880 34314 41679 72213 26530 59650 35331 83297 36159 16974 84155 35792 41203 88638 4497 67184 37558 87648 50461
19249 57331 1570 71137 48344 35860 85851 61622 71802 80395 39279 45543 65274 48296 66266 59552 61752 70976 99166 63481 87495 71666 74917 73334 5945 96505 30230 69197 15231 54543 76933 81022 83088 25291 66839 51606 82186 72832 60530 41574 67863 85245 27196 96736 71974 98374 84026 43376 47468 15020 974 71516 36951 69917 76122 4653 36879 64091 43588 25515 60100 40328 45676 38640 98958 86989 72915 56853 71397 18972 92145 45918 67703 66305 783 41698 38465 48238 31630 77939 17549 79629 17502 98153 80945
32797 25865 90163 5513 43823 88415 1438 28871 41603 29140 27595 82752 55096 2081 34756 41703 59555 90652 18699 40212 84794 24566 89991 75649 18261 18666 22113 89905 57111 22787 80534 2752 83507 6616 59132 41885 17207 17205 55853 77491 41353 49392 49527 22471 55336 59699 43857 27993 98289 30741 71761 46499 90870 24646 84679 4961 34552 3582 15238 67459 2789 16867 32342 91415 70328 60564 57264 10347 36508 29174 39181 48350 84172 87779 77796 44340 9566 49088 74568 21234 8214 55019 29374 82241 44859
26288 58582 82724 15950 34233 44105 14595 11694 58187 41569 16344 26961 31144 44248 21676 46022 90897 24838 97388 9981 83139 84960 98377 6747 50539 21002 70358 63598 86992 3207 38716 80388 57212 51516 65408 69950 61243 79716 29963 77395 76920 56083 10891 89800 7496 4062 759 23228 94037 94144 3937 3826 77639 50053 26447 31867 53330 86025 3362 34082 32064 71025 93075 89187 1229 30747 93223 57783 36694 18629 62620 64457 95690 35055 89961 58639 24325 27412 31433 40886 77824 99312 91612 51881 61403
16800 80651 24950 62368 24084 70693 142 27145 108 77229 37651 74269 92234 7229 87093 72494 16092 17354 63321 81189 87625 57069 49740 32748 13000 4584 93907 71874 4129 59514 56994 22672 11386 16331 80360 62268 35280 41485 14849 11485 34434 71576 82180 12545 57368 13510 48033 15806 34566 88726 60900 56100 67231 23713 47519 96592 45888 36168 19258 68749 26991 96720 20422 64261 67663 64794 30516 14566 87337 30030 5415 27491 90141 56329 70963 38585 12221 26879 14220 14408 90081 81218 45694 6924 22807
55371 52309 77100 45987 9237 51175 31385 95099 69334 41759 89716 68708 15213 44590 17405 3415 8818 95230 96965 38102 5914 83864 17195 67010 3851 11911 68321 44560 44012 78 27001 47285 29759 88144 24311 6582 77704 3203 81474 45256 75580 89346 37626 24349 43312 65311 62210 4206 36814 75286 28228 80567 58241 82481 97134 34626 53664 93983 56974 58058 4362 66268 65105 94118 10427 34868 18896 65409 70400 87880 64623 52638 18886 3633 32881 21700 85890 91542 10261 19230 50847 46379 86326 37111 73356
12765 5824 15326 45731 12890 39146 3789 770 89974 205 13349 772 2980 6096 36202 32217 54912 8322 47315 5424 86670 65145 43991 71970 69497 60878 33090 51799 73364 97418 64512 76353 36125 86889 27379 941 353 20084 98711 10473 22007 36373 66636 21360 75495 93917 74271 65048 14464 94670 29842 1796 97933 28085 14969 14673 91885 72842 81537 5065 82646 39077 9508 91786 27448 52103 40519 86317 66239 50604 55021 99868 91061 79042 85682 84492 3463 69529 22501 84907 639 68102 30449 73948 96182
79639 90110 35790 89662 9673 99672 62269 4229 58269 99843 64993 22039 18127 86832 97752 91063 25770 10940 33117 92684 86763 75162 59788 49755 88544 70091 25831 73777 81643 64807 28935 35354 18111 41988 56647 25328 41236 75927 6884 3730 2595 64110 54460 50590 6903 45327 41195 23206 94857 17964 45160 69874 25872 37749 85103 101 21375 59301 90519 27736 48560 86638 24825 30914 83662 73532 76133 93363 23442 13666 21457 21338 50448 39316 46626 91238 79329 18806 83661 25015 10928 23521 75695 91200 92113
93336 30336 91453 59158 60845 64302 78790 31561 67475 52821 23783 27925 97540 87915 62094 73109 60082 25895 61445 63039 46803 35917 32907 72254 797 29747 4913 81762 53510 70384 70459 92792 3186 78728 97774 97549 95929 74169 6601 447 69864 68527 80198 69450 83724 72522 73748 83275 96096 7413 6431 52476 82892 2230 51746 22773 62868 35232 9283 31963 74009 2455 11242 85365 64800 26011 15752 29447 32987 14337 12898 31549 20631 10937 70133 23196 53617 53554 16114 38546 30441 2974 33408 30568 46644
47287 51865 10988 63778 27917 34618 92624 8846 35504 204 23185 55677 53956 90253 37495 8424 82318 38117 56947 95454 21167 2979 6849 66046 76356 73902 17411 85834 50490 42134 4293 47187 80909 33153 25549 54823 30195 8128 30044 864 98369 79656 41900 4432 79082 42012 56146 91097 21006 30215 81334 82784 14365 42501 47017 60753 5710 91761 54287 65218 61366 2032 50908 54499 84715 3980 17199 2972 34321 69107 70114 58280 10746 20274 2051 73062 47980 50877 32737 14961 26593 58986 57494 91100 13276
26511 2400 79686 40211 60027 71680 12951 31743 92696 88537 10639 50244 469 9504 8260 9780 90164 48367 50566 58216 97382 61575 71661 30625 53634 8909 21089 80339 88171 96054 6099 34056 39366 50564 4126 63299 88327 7911 6069 75993 57486 76730 70849 83319 46548 72122 12784 54515 30853 14557 36383 94208 7063 94159 98715 70084 30960 28899 52306 78618 1728 11753 25625 52137 48730 65293 32456 97886 8245 83687 67784 25135 52605 2511 85023 62194 53221 94389 73214 50179 35900 39610 23758 49539 80753
64842 25607 7038 79886 47278 66779 6206 49632 6164 2480 77353 58467 51679 1922 81525 49962 96803 28377 89860 34047 20958 86051 45414 92092 13118 13280 97805 43662 43332 74154 2790 34976 38169 53531 79739 81531 708 22357 24475 20472 67063 95009 1105 51983 54889 65394 41862 23324 33547 41780 88854 94454 96632 74195 21532 54221 16714 44825 36510 52393 15368 57023 51911 14942 70442 6120 98860 55090 25612 24114 86505 58495 74315 32096 23426 94351 42608 19097 49563 87308 83231 54615 18548 92137 15787
69382 26238 81235 81978 40279 60907 55913 58154 81188 49455 70148 10377 97718 28651 26909 16290 84850 83765 2496 44408 60499 59757 57473 25776 35488 23197 36304 84557 36919 35959 32230 92474 81473 44321 2773 75326 70594 76544 89287 55315 86598 30866 97588 76489 35228 37716 63276 96389 49217 76040 10774 97513 22984 92202 66189 98113 29329 30624 12857 84400 77972 27408 2952 45112 52474 40698 98720 26717 81281 85640 568 640 98492 99121 78797 37962 72549 21565 46096 36451 35780 79238 3143 15410 81069
71884 32432 46438 84438 19423 63154 85299 72696 3156 40269 49799 35865 71763 28416 86542 65474 63030 93959 86330 70288 71749 24538 7575 26318 49848 36344 3396 11926 31901 93002 53274 14113 56211 68129 73806 10526 80981 63805 36446 10814 60788 79828 42305 62877 13017 90986 7509 78936 41200 97749 1456 16377 69137 90836 52653 22432 64268 64776 71604 9710 43632 61209 2993 39486 38897 10762 41439 64654 1566 53454 84065 56586 70530 75497 73383 82861 40541 84162 91561 11870 61166 60590 95573 45802 37469
51476 48453 46963 66138 88908 81061 41459 99245 18813 7015 77071 22198 7232 55405 98999 68 30404 86848 29519 42312 39537 55490 90232 72087 14962 40108 2629 64998 54853 21707 86427 11334 66249 2653 74614 32442 40011 87309 45385 4946 71732 4794 554 24934 6840 6799 62413 54582 75118 97075 76145 89749 11993 80927 99905 69484 13160 31929 98494 15604 32596 57255 63420 79598 40462 71073 31253 47238 1737 34907 58650 62673 22169 83708 24584 74764 95828 55987 18867 24991 45203 59010 71251 39280 48146
55804 34853 42833 28175 1743 33129 83021 21448 56103 89334 43135 44116 34401 44985 30257 48077 29416 60734 6445 32777 75807 20687 24567 29612 10754 30505 74758 44362 39518 11704 14436 8430 98932 94455 3963 45095 19287 11139 79232 62700 33266 94143 80116 5756 35260 30415 61071 52417 33437 95692 10500 14013 76195 22856 54536 1846 99862 19239 84401 44727 29915 45399 99584 65216 5855 99407 61771 84491 96961 34027 74117 18062 13542 224 73420 49112 83517 79866 79145 27821 99191 36996 27058 15980 82410
26754 6820 62950 23900 85534 66735 26580 76174 80823 46359 25206 16695 55004 95176 29436 84866 89311 96058 22999 11742 13427 22797 20865 18897 57050 28027 47602 99548 46296 91543 45539 78455 83453 33717 4192 25746 43335 49573 16210 42463 69741 66905 76624 3497 57214 91570 84741 23932 1003 33344 91828 39950 26660 4627 17 96321 50578 52843 85445 31804 87007 31134 80692 33273 67816 6363 99043 70925 28302 96790 60554 73470 82652 13304 62518 91082 97803 71220 66950 78301 2538 63188 78232 44642 2841
28075 76693 85320 72968 10493 50575 47662 34002 45724 61356 10877 30466 72528 80118 62818 36917 36841 82707 38961 61322 62031 8677 77686 91197 50362 65014 81889 13881 28061 42032 73298 5911 88595 98736 41306 52895 45065 58831 97464 28270 20671 91749 91495 16289 84285 32892 40863 36172 83193 20447 56315 11965 47972 86490 28319 35240 58378 87178 56842 54222 57090 51444 51298 92081 49556 32511 6647 99644 44169 59778 87043 83469 25373 13015 48998 80387 27931 45092 10103 93688 16881 20102 90745 2071 18260
74499 56931 21966 43869 39997 39772 74491 26344 96884 71878 34445 48650 5903 61154 34800 23034 7146 26578 95245 47806 5617 99569 9482 34322 60524 18227 75871 10624 37520 59219 41524 91712 16439 30078 57495 69526 88901 54750 56392 19773 2741 48948 19495 26258 91755 10232 97381 66318 61599 79103 83035 16171 37008 62657 89214 12926 83607 48025 85084 69954 51299 74177 41781 41290 81922 64883 42198 21903 65320 59316 72040 71915 59088 11284 91094 42946 43726 81162 89934 62320 5549 89398 52904 39676 92453
70482 78750 31681 94814 67054 62595 79772 53480 11758 14018 10652 63868 26729 68595 62884 88769 83523 13393 18673 9805 44527 99427 20724 35151 84796 69544 10135 976 20126 7340 14758 69492 26364 44286 99977 45394 46700 85094 27309 95852 73099 221 28247 37518 22485 26933 59478 51055 63415 64891 87115 99771 58302 19586 54882 13614 69101 58673 72368 65090 97012 56912 4022 76827 67424 58631 27248 40706 58610 93286 87534 96094 34928 21768 78977 43076 23694 47913 98441 58950 87540 95483 72487 93303 15314
85891 30148 35517 88184 50054 66481 43929 79959 15592 52792 39853 26048 25989 9438 62151 49375 86830 4988 8905 56741 45353 70339 75215 75956 42306 8131 62842 75405 240 9844 87782 89817 12665 42947 10900 74543 51833 64873 28424 94840 51619 13886 54950 4216 89595 81563 21546 56876 98139 36706 10678 11210 19840 9117 86325 53654 39236 9833 27830 94303 19863 90906 7958 64677 78160 46395 17036 30683 17880 21463 14035 27797 80233 83112 33634 94940 69800 98476 53666 19561 17684 18582 59538 19056 19657
77224 11004 24235 83633 90778 51860 90168 82897 27972 64019 89677 93624 54278 47107 11403 69219 85496 65743 11315 13722 8717 89163 97904 25446 53272 14973 38782 52195 32750 70070 53882 94323 27406 62379 11253 49255 63287 88839 8428 20442 61977 35531 91656 4509 81858 10022 41926 5604 17052 48593 29924 25505 98939 99077 29900 70528 91630 26239 11351 27679 27004 63662 89224 19328 49261 96045 40658 65496 31422 10504 86029 9762 73614 75510 50756 71938 62187 94783 38713 33962 89954 82696 57312 22855 96257
91849 4504 70299 81735 10143 45047 40134 22639 29962 15736 67573 22222 85429 31585 90076 97318 8462 49161 62563 18485 57643 7712 97858 39705 65006 96266 81481 20592 7386 56328 75283 51080 38691 10488 55429 19888 44643 81010 25219 59206 47381 58240 19497 52583 59072 87098 52216 14671 81689 70613 7087 49026 71318 15606 2033 56709 25415 36129 88586 46718 4770 96296 61712 81776 4640 73618 54250 1652 93934 81585 98919 63445 55712 64859 82554 68303 77598 54025 94963 67669 90511 43898 56708 13785 61648
56675 83511 78253 8413 15312 91304 92149 92706 76407 35268 20566 71022 54449 43800 67478 54785 40975 99755 77547 50454 55482 90847 25330 90441 4272 12742 29642 4876 62984 37061 71547 86584 55819 64639 95190 64346 1265 5958 34317 13514 87916 25814 32298 82009 43218 63076 35922 26456 20896 4153 32663 74901 56918 33805 73005 59556 54961 21695 3425 65018 95292 84939 79433 10628 53364 98974 28093 71829 97724 88488 12070 8323 25338 58242 50243 235 86460 48346 89742 19221 98695 41649 54392 66344 72432
68273 39300 50494 93865 13593 57108 87148 35023 62946 1478 47112 31858 53905 35556 72834 11979 19026 5054 94858 58840 41779 6673 32125 93011 64352 16580 92539 26891 4837 27098 12004 7004 74677 28671 91393 84017 30925 20934 76812 62748 64400 61510 78439 10535 73545 56798 79876 2473 72052 88744 93245 38401 38284 35694 92301 58720 85227 76219 95484 64050 19677 68177 65751 13107 71614 16472 12873 69426 5127 18844 27111 51767 20962 64037 61413 15051 10569 38029 78373 28514 26437 17611 75219 61627 41261
45996 83757 73177 17968 85582 7256 55702 16254 79825 16980 93770 51273 66749 8390 28426 46723 91369 37714 58600 63004 76894 87998 83306 51969 79279 42246 180 66944 15324 20042 37094 12880 90089 9529 93874 82882 52159 74066 49973 61177 13211 49761 24694 74668 50279 63020 6546 97823 10966 10694 21518 97305 21595 8674 16463 52654 22035 662 81137 77341 24981 94511 7684 28439 7578 70564 93604 59480 80686 27826 14049 79755 12106 21645 74435 76852 89072 90780 12287 84989 13883 36422 3850 78795 91093
47411 66584 75499 88883 85770 90827 60609 78577 37114 70022 29822 32552 34337 1894 85653 79138 35404 24277 39214 2768 96539 9318 38064 39402 13388 14281 21180 40042 39831 38230 51437 40641 90492 65212 12225 86914 60543 9807 93845 20973 88481 28280 2289 34820 53167 83883 7329 41866 10309 46962 31947 92788 28336 63744 29195 339 90529 4860 52773 1632 45978 28264 89571 84931 74455 73646 75854 46054 92102 73431 4842 83923 14823 72498 38512 88731 57194 15195 37540 43557 28219 67296 22249 91250 91632
67916 4787 12053 432 10064 85592 92006 10874 94048 71273 57721 19173 81548 74343 32677 55759 76792 96971 42882 77672 75752 44051 64303 46819 54301 69646 37053 88089 25026 32733 55564 59760 57886 86200 82328 86155 56468 35907 84158 1518 4305 17048 60504 96567 82378 97630 17322 32648 80430 29093 49226 91135 30769 24399 69598 50136 48724 8433 6694 18116 91980 1108 79388 65144 88869 9004 97059 6 3176 48638 37955 22705 20049 81384 9144 26626 32155 52496 99566 4880 40714 66953 57433 31201 90655
5808 75052 6646 13169 49856 34213 66998 87818 13509 31077 36329 36415 29308 51316 55409 73673 95305 39632 93121 48417 41489 52570 21139 94278 80724 49634 16908 53802 94799 18607 7929 35748 87810 57468 53294 68918 55774 77804 19875 60942 82262 41886 86829 96041 90680 29632 54130 91466 34346 46730 24675 58503 86411 5172 1436 82224 32523 21605 93837 29631 40300 50594 65715 84797 47815 70826 78935 50209 15543 74183 88472 31916 86000 10815 5692 30277 47785 98105 380 37190 83846 53566 2481 95799 56289
24985 52392 2896 10090 45603 24390 28997 1179 80188 92181 60837 29757 55037 2759 63837 32295 99676 39313 35763 69344 47375 2365 82667 56433 77850 31825 96504 41213 78176 50794 59612 69085 88419 6041 77698 9227 57951 50686 92479 92604 90983 64833 91777 91149 85058 14629 5202 75122 72205 92207 74187 40651 34919 6868 66577 12841 33750 7967 6203 63575 28809 61167 8186 83743 27050 23141 5540 11232 62944 7634 73626 20978 33849 27416 91964 4277 55314 79837 46940 35328 85108 63396 79654 93958 12541
44154 36853 83639 17736 16725 36435 29251 87277 62328 334 60094 83024 5269 4361 67327 81808 77089 33169 17591 67838 46588 16384 6857 54932 56266 26972 11556 91426 58313 45611 55105 53110 64822 59259 45730 65725 55235 3707 78229 16972 20133 50541 23808 32356 90575 75774 66876 50302 1344 23629 37387 43126 56324 62444 64894 91251 50174 78770 48647 3910 90096 74093 24958 12454 56293 47841 40856 41453 35731 26929 13979 93646 98462 16304 67158 60107 16111 23411 23335 15733 80160 35832 69949 14705 27173
56112 72809 6629 92125 87133 12248 89734 36192 90819 67304 76590 12203 95633 90287 75708 24157 80962 23912 3275 99492 19915 16465 90646 99759 80845 74517 63690 10903 18097 61092 55025 94510 43609 37359 30123 52955 84645 88833 11862 35648 27506 61193 25203 86543 35908 34453 62803 20345 15983 50935 59151 46583 83584 84040 18176 41411 3772 88816 73168 94339 75829 31676 75735 2633 93809 16027 85302 73397 61920 88589 44177 65731 49614 52882 15884 39992 5141 16706 82615 57133 39572 55373 59820 6565 34095
40590 41385 99789 13306 41846 47491 65422 57917 72217 85777 91841 46349 87414 36460 51810 10229 76927 10702 32916 98527 97147 14206 45306 60754 54715 86471 67859 89843 11171 8354 69933 8463 232 54948 39788 49592 961 97596 16301 77928 85565 3469 63609 49232 3876 40982 81203 31329 51962 32911 32103 46161 74305 29019 77574 74570 30054 17525 31186 29448 39535 84260 53672 16798 2431 47687 66679 46993 29561 27845 98512 86805 65432 65510 20882 43673 34166 31891 78610 5904 61400 75459 44778 48702 80649
25938 8174 96893 38360 27901 93537 82306 595 89697 40550 17930 44807 53786 89557 11311 24755 56860 79689 69290 30786 79149 405 20787 64465 96354 36397 27936 11245 70487 60168 46384 2508 42652 86310 59774 4006 33903 85029 43928 82896 81972 41519 5879 93577 15282 19715 22376 64075 55381 48914 35507 13482 76295 8667 41398 25188 52012 48719 22216 16073 68877 70715 22157 12361 7613 88274 49620 3141 94714 74880 3654 14262 18391 56759 14534 47487 39208 58105 30779 42325 45904 71390 41758 90125 13675
31634 81652 89248 30528 71535 93922 61676 78519 19127 43046 95554 11295 53056 2920 91401 81940 6864 17782 78870 12854 93661 84327 52603 79852 68339 51095 92093 47666 72197 26439 99946 74149 86967 29098 44343 456 12328 34048 1501 80562 13132 89494 84731 27882 87908 42886 96246 89867 34252 69680 26293 80316 62183 66339 82995 7009 31874 70014 47775 82170 26816 94350 48837 61644 63787 50221 12408 53406 25952 69563 97742 1524 20944 29393 14808 32351 74240 68456 7910 86230 33813 89766 86865 13851 12501
37384 53394 21487 93443 68212 58945 8484 46178 9768 22085 89373 1520 44310 98297 5006 53399 77274 42578 92394 16133 21274 62241 64154 85492 87361 22274 61829 29189 18617 23291 97874 13691 49521 5815 82039 92736 91075 71214 28253 42154 41201 99093 39809 8778 13377 51671 40387 39139 26922 4142 56677 10428 74584 83068 70219 33473 7285 24313 68961 77109 32815 33166 71094 24139 57221 57305 22735 27234 62588 79484 62540 73169 14795 36354 17894 89724 5479 44182 29273 6583 85675 327 60440 5251 80829
74121 19399 22098 61081 30729 88996 85026 90417 41417 98980 39369 52596 72398 55191 74737 51711 24174 47583 80137 67411 8026 94124 30200 16013 80175 37022 23907 7277 31101 8930 65443 2872 87417 45181 52438 55042 9003 38690 99537 57318 15112 2152 55902 92290 75046 17100 49578 34435 36596 59256 48668 85902 38609 92698 59338 70420 58160 82612 22368 25886 69329 44835 64739 15569 28187 29039 55549 92994 37669 32626 13917 42610 41639 13929 62833 1161 19250 89087 60131 58690 53027 11691 36336 72051 20652
2470 76191 22895 8891 42708 93394 91270 88700 5178 91654 58408 20219 68765 6998 26823 7291 68546 32630 25691 78466 39833 37373 81859 51190 83611 7745 7519 38530 42942 31896 63422 82237 24012 9784 63834 75555 12314 8287 80414 93138 20553 98151 99428 53407 47254 43678 55462 72299 68104 30998 46042 94492 97548 14382 78586 91252 27856 76505 30335 18589 42727 39962 29516 21192 90837 48674 42505 3519 29066 24903 1024 19454 3503 39491 22641 98572 34923 72982 24708 92608 21761 37969 31465 34465 41974
80672 72267 95328 25706 51171 94439 76795 85018 89412 9270 71461 99906 62852 18679 21414 31871 24597 72769 74453 6085 91014 5151 97071 43242 59268 41753 51556 14981 91517 79332 20135 90316 68043 24417 52058 78893 66743 40789 16608 93008 4086 65078 29420 40170 51831 27372 67864 77793 65846 84021 54172 98378 99726 14531 98722 26586 66917 85717 95316 42215 88151 65807 36878 68138 75047 58229 75267 16359 78754 37662 60636 48043 56717 78988 44466 71277 8485 25947 3905 95367 69204 51639 52705 63218 19935
10207 82688 39264 63850 75186 54199 62478 3540 79972 35113 54389 88987 44077 98970 508 1892 40138 38598 60236 9406 70433 30745 22988 64343 27418 16685 10486 20682 63359 95302 91147 88952 46027 90303 15305 93720 91699 81113 8475 92558 44333 90930 17492 74297 87168 97249 2148 97810 74144 98888 69158 51099 82924 22520 96729 40243 56195 34484 9826 59186 41184 96472 29284 31938 98649 42080 85285 62727 55291 71209 47949 70444 32236 15090 99635 43229 42884 83003 19789 20030 48 32288 55908 84377 32405
56844 23979 36946 53096 65224 74100 55708 72937 55125 87622 7288 94674 78931 6147 88887 76612 41118 72650 66020 67467 26155 18389 34313 83736 85093 86277 73090 141 79214 44640 67250 5051 45998 98843 12296 3113 69247 52221 42838 54517 60921 39404 72006 14652 23075 95472 88572 68107 1204 87768 80393 12910 79347 82727 36138 21195 87568 47301 83556 40197 4179 68733 52054 23897 36866 25968 75308 7541 15304 27858 31293 70713 96841 20845 24458 70208 64192 908 84086 1902 89361 97469 92757 52741 80346
76368 87763 37998 62014 77315 727 41594 75647 89502 36910 26003 12132 43608 15995 65506 14848 8139 73879 74814 50493 37838 47380 45866 19668 12090 49726 69542 72905 9130 41114 13873 2397 7423 20918 77664 55983 99985 32546 3318 31853 68344 87575 50045 71561 42753 98526 56154 14821 18959 1220 34417 24151 68211 27212 36295 13278 15384 54971 31717 77097 58035 33366 32972 89636 45945 79688 99421 63465 45304 59826 17681 30140 92271 38355 30279 86552 13344 51919 88155 47837 4456 62770 81906 41227 56602
51465 22704 48527 50563 48370 1848 43699 42424 60063 78153 17386 94261 13701 91531 88436 31215 34679 46633 10450 45858 22105 66952 90195 16624 40409 15717 68059 64238 40740 90138 55530 97416 49092 80295 63616 66628 15335 5439 36122 95107 78204 88794 5219 23820 82901 53000 32990 35590 95379 27697 4909 76862 67673 73958 62195 16729 59042 11045 55080 42209 47604 255 94434 78680 51053 94181 14470 46393 13286 36058 11159 24044 83051 38504 59272 22818 86917 25530 44238 63413 41517 99477 95437 54660 60138
83829 10218 94370 18338 12002 50987 12580 54673 8843 67005 71086 1335 70568 8114 29897 85260 2840 88610 95296 44082 95362 48594 42985 17849 54310 79740 33455 80250 47638 96274 96740 54061 43847 51706 48704 48952 32015 43143 7614 13565 54496 13175 9344 59489 28988 15492 96346 56459 98370 13334 22637 10334 27973 73908 455 67608 69890 21624 548 62043 33984 83436 2666 46547 45997 66466 32859 53148 61107 91729 31660 24857 56043 28728 47702 36757 69914 91338 24616 84972 50417 46887 15755 53590 91191
37330 62176 4853 31382 37560 95843 60821 92415 24852 83364 83240 14570 53620 12655 863 32665 59961 95271 70911 73396 84751 67832 40799 54158 14536 49286 10990 97885 14895 42730 85386 333 74586 31579 47782 873 93370 52387 90678 92136 81547 63694 11113 89918 79477 40041 52277 46067 59113 69291 32109 46593 81743 25378 77167 76917 87349 14232 91937 326 665 13548 48403 30108 26341 90049 70445 43499 86256 5971 78326 81797 40401 30915 48896 1599 10372 58444 72918 72773 54915 43 94025 46034 53515
7014 83168 41562 47086 80101 33371 76462 33757 40148 10914 51806 52253 20640 93778 84031 31555 3934 46039 2795 72065 93079 53983 32736 5644 88196 109 65617 29000 34297 75022 51252 9623 71012 88817 55285 54372 22386 84472 8247 86895 86553 41074 31053 90288 26678 41165 7344 74826 26564 5098 3136 85694 9750 46018 74641 89912 89206 75978 98162 7625 10327 46168 41915 19661 81093 72619 67146 94224 19032 88850 16242 10793 46385 74556 45274 86382 55031 58959 8932 30922 9242 3329 84069 89827 38486
21810 37396 83205 3333 1475 63923 49661 86576 30011 90050 94751 32238 65500 27431 21003 63341 29136 25367 56509 77442 20432 77665 32514 73452 20091 52804 34194 48769 62087 59450 41692 51391 47391 27872 17310 5671 85796 21277 8742 82553 31948 60407 59963 93749 46309 56159 54339 60220 84975 45588 21584 40117 16696 73837 80239 48535 66845 47057 20026 55394 30291 99222 5170 1346 4435 96913 73259 95265 79227 41570 52141 18684 61392 29430 68953 19799 55166 16752 96183 40560 20548 63079 1621 47139 42518
33468 86725 65081 42470 94456 58156 9505 38535 44540 54781 66362 46084 17634 94436 82523 84884 11226 79835 31110 7244 70888 40491 95855 86951 23146 75958 2303 8668 74647 11429 58093 84811 7569 65491 6688 32901 68159 63964 66399 88084 16538 50375 94277 22156 50899 89154 71861 38161 20565 37450 42657 19978 95885 97452 12432 92458 92112 72891 43571 77517 63590 76259 59264 78223 14026 50803 72196 73877 15493 25408 16570 14075 44101 97379 70286 87995 86602 94702 6624 56399 66885 78368 29397 97558 34485
3827 8511 25274 30642 48263 49591 8630 81607 29645 52263 76247 11883 76998 11122 10369 99767 3455 85585 56258 84019 42876 69523 66543 75760 18234 83000 38081 44423 87304 46573 83673 88539 59954 72808 55284 3287 31117 29969 98349 63492 18470 67110 40487 86235 41006 13529 21981 36153 73929 76888 44113 58763 33504 58566 77504 60652 18010 53644 6346 37054 96289 89204 39374 27440 73959 31213 5995 44509 38380 70031 36818 78375 62141 53200 36049 33778 19877 33309 63314 17679 44534 62173 28249 40570 30618
54891 61714 70543 92205 32036 94174 25222 2941 1982 47827 30918 6223 19666 92837 93703 70777 93322 31899 42506 22744 52145 26187 81989 30206 60863 15045 6179 43244 71536 37089 77807 20713 39741 99046 73220 34826 23399 41449 36977 27644 96011 93679 37259 82944 33679 54058 53717 37635 48657 43772 89378 46737 83615 93905 92639 76459 45091 65263 92827 38184 52679 30482 78788 64132 62725 82808 97872 41724 35976 75962 46665 70990 37583 18798 15306 11052 99697 94944 87542 25840 82174 22246 90818 62870 60512
27792 72320 64569 87293 77730 32995 47532 1219 73792 12120 67129 77818 79437 36984 26987 1157 25207 47937 70044 74786 75455 22112 46710 12468 3122 41300 92193 11090 62407 42033 66723 822 60935 7196 26515 62069 91452 53514 24995 30189 67623 59644 70306 27721 73236 68154 65339 7492 93800 14929 69620 8149 10588 57058 48972 86048 91233 723 92813 46936 23126 24500 90565 81983 94843 12576 37948 62377 41186 1299 60657 84402 66510 3506 78367 68537 76050 82240 99418 80110 59184 21735 14836 22092 85514
61830 8947 79026 89904 68325 24178 37255 27310 677 29837 74980 74086 85936 69231 84476 45071 82427 82190 97793 26271 63572 24222 57394 41325 42450 48472 43300 49000 71378 79086 89039 8136 22155 52602 9320 86019 66461 65206 69524 77777 92115 78039 66323 88701 24450 7529 60355 28579 85047 33104 25978 51352 37761 15382 77945 78161 97323 9423 74331 83381 67912 72815 12701 54004 14019 32034 65577 26206 26128 53149 73705 33594 28189 98444 4410 70949 67976 19191 21917 42977 17578 47824 8129 61312 84104
90333 7618 80658 88917 28752 55707 73746 38475 82969 50102 41773 95634 89228 45980 2430 21373 56489 18358 2267 87037 88275 16845 27909 82970 82358 63576 49247 74661 7852 10016 73870 62388 81461 49659 5596 45746 74605 77105 20124 49013 42067 13698 69184 8337 80426 34584 30237 43527 3858 4 55800 10613 44111 14694 38318 67744 95725 66424 87569 49355 31902 93118 33086 87261 20140 35509 37170 33227 67903 45246 404 70737 49932 75697 25584 75784 88181 78043 11588 78784 85927 11793 94522 1762 75769
21037 57234 60241 27951 26139 81579 7297 46538 76177 20121 22831 63010 21071 25987 43362 5425 34107 50130 10051 63512 21366 10059 53901 61971 19434 45069 32837 52990 86957 79084 10206 97972 81421 76756 26988 74189 82097 40367 65952 58371 46631 84515 38491 21655 82566 78459 66216 45898 49158 6524 45358 43691 25304 68531 64377 52175 27345 37096 19366 64245 12858 16340 13517 20720 74420 60354 6579 32989 80619 63938 81754 86675 81434 91988 38299 4936 45355 22784 55112 49594 19847 61995 91165 73136 6798
39193 76545 73813 64024 41266 13453 69689 40402 16188 40290 81208 65995 68156 375 11864 57323 91647 77495 14565 46098 53661 95222 83083 44981 45936 60 14587 2730 58427 67532 1727 96496 83322 35289 45144 66820 11040 71560 97360 39467 42022 29072 383 28157 38197 43655 50217 1255 92755 23296 7766 16919 78537 58193 35521 37176 15323 86536 21520 47616 5526 87073 38005 79585 85230 22653 24908 71100 29075 68639 79682 29022 47768 51172 15313 26986 54926 76031 23350 48447 79934 79526 87982 1773 38007
93100 74796 35496 75098 12767 55036 9292 28619 95326 5401 652 86547 85475 64819 37534 60169 17326 55782 96330 12554 19534 96256 73586 56879 27952 90962 63333 87283 70105 18520 33070 216 81250 81429 94170 65352 31230 5819 54002 3942 92349 14427 64638 86414 28339 98587 34341 60841 30352 71687 53468 30718 60761 85213 73664 83279 47923 14625 40450 1924 32720 80096 4902 35794 37075 80257 42732 86991 56869 3012 17888 38196 83278 96253 85332 12789 24817 1561 74920 5779 39536 19277 70111 62128 64334
79712 8405 45417 35084 88431 61137 71112 49204 3237 59857 41558 60288 96035 6465 16535 69639 26455 83919 86811 26337 83023 88367 12713 70225 84494 74539 89317 43642 28766 32101 57066 10453 22132 4405 16760 19369 86627 43251 28901 67682 60824 35848 21094 23440 44569 40973 39735 99909 51963 17330 49318 67521 11164 61349 10771 4541 51408 70502 11075 95707 52710 24705 86944 32325 79361 73738 6215 38189 44239 86499 4635 64182 42976 28177 39836 66522 34199 39754 91394 44459 36744 40568 92644 19397 50655
22181 73847 9142 969 27720 98338 30252 52827 79742 807 24460 444 15114 30442 15898 37206 55248 64070 50549 30319 10071 23672 88981 13327 64541 54440 63670 52996 10084 37678 86783 66220 80059 53845 38352 41127 10524 23805 67248 55552 44784 43352 74246 72019 84179 20367 37855 5697 57372 68808 93748 78484 19694 2394 38257 52059 97451 40496 50674 90637 57760 39111 22527 9525 996 45812 31266 4960 74940 39320 31668 24551 56473 69452 43743 43683 85439 39600 60925 32182 43606 16789 39304 60809 50808
66213 21728 36882 71730 44656 65665 90023 78999 3494 44880 65141 1562 66894 43502 10518 64915 16139 58152 57719 44403 24905 22388 58033 49015 88440 51879 48072 1007 48572 67885 94227 15630 69240 13693 80104 21934 23376 81031 65002 24915 22670 57804 69518 66317 64611 88368 36633 83388 65829 80547 67699 45230 38387 36808 43493 42114 42316 91374 52931 96990 99052 23140 28965 95651 67734 97542 64567 68420 74209 17705 70641 95468 32425 99084 98852 81282 80293 88772 70739 13607 59591 63476 99137 70342 5913
70005 96963 5798 20994 16744 9451 58929 66809 11917 8887 62952 93969 30043 69146 56174 21151 11304 2909 39597 89050 75761 17962 67239 38601 66148 92450 83147 97909 80298 94096 39 78087 98168 67322 71306 22086 97958 88840 72442 78255 39276 88777 19448 88486 40691 33156 9250 62099 42592 78316 47717 96439 78508 12176 96350 4515 19164 99993 37320 54084 71716 26449 75825 44107 87623 28632 23001 36541 99175 4873 30496 84640 29529 57460 12086 42264 47142 30063 69659 5100 81178 52691 11188 96887 51123
35278 45506 51127 50824 45804 18927 86828 28141 39786 63357 34587 72565 37146 64989 31951 60459 64615 1065 60954 53381 66895 77676 75687 18692 2826 17030 31773 790 76568 74336 80959 75423 12773 42226 72667 48862 34846 74672 27691 87798 21818 7098 24435 15463 37354 29676 674 40529 77946 72563 35356 52455 36320 26825 52563 60740 91575 28990 84503 40085 97829 44915 28057 74226 12368 1092 9595 54661 63606 25913 20368 58439 83747 59729 33180 44732 94888 45025 88285 58969 2797 45818 65354 14540 7359
5938 70040 95920 53978 56242 30547 18178 11546 81240 30964 997 84337 20848 19749 33698 9523 14828 15902 83838 49551 46950 77116 15907 3073 78327 13364 57846 97619 11933 77243 64817 960 51543 50409 49325 56245 52567 59102 40330 19950 36305 21050 2448 1197 13385 57363 55704 15008 76781 57011 90642 52066 52265 77462 12489 71155 75280 23449 71935 47215 40875 60768 27960 92496 55876 60716 26782 15896 31699 23104 81078 68080 37174 59394 67808 69350 21133 79010 12987 77958 44598 92804 57796 67229 34262
81948 31356 79668 82673 3084 44398 95825 24221 48826 46946 23071 96673 86838 71380 85610 16150 59189 83618 18037 23428 72369 61382 86056 76596 13224 69761 94943 68445 70912 6313 50246 71211 43550 64937 69087 93666 40007 10140 4401 79909 7372 95232 45481 22753 9046 90139 67266 93684 77119 10445 82206 88810 17268 82735 46238 12512 7746 29255 50100 12411 93801 24101 82681 22848 71013 69528 8560 22396 49012 14346 1212 83093 35321 65386 71791 93095 80955 41424 27982 47608 75799 22135 7895 78494 99506
