91 325
1 738
1 705
1 177
4 460
1 625
2 644
3 271
3 78
1 7
10 374
9 325
7 560
3 325
7 32
5 943
7 618
7 22
2 265
5 105
5 685
21 224
12 338
3 763
24 519
21 55
18 948
15 815
19 652
22 989
5 455
19 378
16 963
22 98
22 300
17 304
20 283
37 663
11 372
31 388
11 897
40 134
4 173
17 406
1 438
15 859
11 326
16 668
48 986
9 219
37 319
8 620
33 400
1 277
40 411
4 14
4 106
57 855
58 447
35 454
16 655
56 480
8 252
27 323
22 616
57 226
48 415
6 591
27 832
9 938
4 883
27 605
28 449
36 969
47 72
50 483
6 791
20 761
42 813
64 983
21 624
77 418
51 110
65 205
25 579
24 238
57 796
83 152
60 654
44 843
75 894
