300 5000
108 2 62
185 123 66
7 114 29
48 109 20
197 40 19
12 52 37
209 112 96
33 62 53
6 291 53
75 63 28
129 141 81
25 240 55
86 257 2
269 207 25
113 145 88
261 29 77
114 15 34
57 105 21
150 243 37
92 195 28
270 145 2
103 124 32
259 70 84
186 218 94
116 30 58
255 137 80
51 272 79
196 177 51
139 171 79
34 81 46
298 23 55
28 14 98
80 3 58
53 144 61
126 12 19
188 235 22
229 32 23
26 191 25
282 269 94
76 24 82
233 236 98
206 277 45
197 26 9
60 14 89
186 151 69
30 168 36
79 251 6
16 166 83
76 175 31
261 45 39
30 118 23
247 166 10
122 73 38
233 239 58
173 40 48
0 76 76
216 254 90
12 90 35
106 66 33
76 16 86
97 224 38
251 99 97
1 23 5
2 167 72
83 298 43
103 74 50
7 111 79
10 39 39
91 257 1
114 33 28
179 149 85
145 275 84
67 203 14
150 11 51
38 209 9
231 6 70
237 131 3
104 69 30
280 21 54
180 65 82
173 235 4
76 24 74
211 59 97
129 241 77
24 206 79
69 158 13
23 291 20
211 82 27
261 58 26
240 284 4
130 197 74
209 95 14
17 154 0
73 180 11
68 92 14
257 282 89
110 245 13
66 103 76
288 267 29
246 175 17
284 108 40
16 80 61
84 41 68
186 264 11
32 157 51
90 296 22
7 88 11
86 160 62
226 241 85
134 283 95
209 18 23
14 283 7
284 36 66
264 217 28
163 114 91
4 250 32
99 105 61
237 57 46
7 223 84
112 281 53
281 190 68
150 38 48
118 121 97
83 209 54
0 281 13
83 223 62
214 210 3
186 166 62
204 99 8
0 81 97
146 151 60
227 266 94
280 275 26
130 231 4
75 191 28
42 93 38
196 115 74
229 19 40
229 100 79
91 47 4
24 186 79
206 145 58
83 221 59
15 61 94
86 271 61
130 161 99
166 223 75
186 55 52
68 169 81
97 108 58
81 166 62
18 280 2
137 201 36
247 145 26
15 214 31
95 127 52
17 276 28
150 24 64
190 241 31
162 266 65
16 204 57
60 191 50
0 16 7
89 56 99
216 111 91
76 16 33
175 221 3
26 276 41
79 208 20
60 260 12
144 118 93
130 149 55
272 189 52
169 280 41
21 258 7
141 111 90
173 110 48
83 117 46
86 113 49
130 270 78
19 71 60
169 10 1
292 180 91
6 30 53
284 276 90
113 125 46
138 168 52
126 14 3
293 205 46
102 202 99
88 278 72
88 253 97
75 6 47
293 91 14
125 158 40
79 14 14
16 224 56
0 233 88
46 295 0
298 197 82
277 40 76
188 133 48
255 201 33
8 295 81
81 243 73
111 280 88
125 79 74
24 1 61
253 9 17
97 231 29
220 129 64
190 70 93
192 46 87
239 41 66
293 75 10
34 83 91
37 269 65
220 174 71
130 90 92
51 278 85
246 257 96
106 293 57
75 274 87
130 66 31
155 82 0
101 3 36
135 156 95
206 102 98
111 202 95
206 229 36
224 146 82
113 67 24
24 134 96
143 157 84
113 28 11
254 5 50
48 257 58
126 26 57
24 116 71
106 228 75
209 298 13
66 82 58
227 92 32
145 243 20
27 21 82
91 279 65
163 78 58
29 50 90
182 154 70
214 273 68
166 246 65
74 127 47
154 263 67
97 114 76
153 65 33
95 296 79
209 94 38
39 152 11
219 193 99
128 248 45
243 294 70
186 217 95
32 274 65
28 216 59
163 139 44
24 106 78
151 283 8
98 217 6
180 207 86
126 93 84
94 101 17
111 60 61
81 16 32
0 16 92
288 173 51
16 7 47
130 53 97
130 214 56
188 262 15
24 59 13
175 99 24
232 191 4
267 279 97
4 132 38
34 77 61
97 102 69
206 218 8
6 73 91
42 251 97
16 188 59
271 14 53
27 100 56
163 224 37
42 79 5
34 116 62
122 194 4
219 218 20
125 261 37
68 86 14
241 121 38
0 76 99
34 81 17
186 9 95
48 242 28
224 68 69
26 242 34
116 32 9
26 71 39
233 40 28
141 89 48
176 44 1
41 222 10
264 297 25
116 18 75
125 219 21
104 217 46
94 50 83
0 25 46
124 87 88
11 9 49
246 173 79
86 15 37
19 193 62
135 257 56
76 214 83
91 251 14
0 34 2
145 156 48
220 190 3
126 228 79
130 15 81
16 204 29
151 102 77
207 164 57
31 295 39
114 110 21
220 83 68
0 114 98
186 69 43
75 269 51
210 200 9
214 202 15
188 13 29
129 63 25
42 254 78
162 138 21
253 161 53
75 60 22
75 117 84
51 52 30
7 77 22
93 202 17
277 51 26
196 159 33
166 197 52
248 194 22
186 179 46
195 211 74
129 262 29
197 251 10
130 206 37
96 87 11
240 135 9
227 297 75
150 102 2
112 61 56
155 71 44
163 150 44
66 265 47
229 268 89
86 74 65
206 283 94
254 149 85
116 133 5
98 217 33
94 232 82
277 80 42
178 73 97
179 197 84
145 49 55
271 173 16
253 213 26
182 27 26
115 158 61
186 201 12
34 91 4
33 175 96
270 233 35
148 210 98
227 6 71
139 295 44
15 253 45
197 182 0
122 237 92
219 30 0
239 127 15
4 185 43
119 31 10
126 271 20
214 115 84
76 16 17
97 48 13
293 80 93
53 295 40
0 209 22
162 49 46
247 17 36
62 87 78
297 255 59
148 265 72
86 15 62
247 284 48
9 232 2
290 108 28
27 168 49
10 22 6
97 169 58
166 140 68
284 46 72
153 295 67
113 125 20
139 111 94
16 158 66
76 37 44
209 12 86
149 147 38
16 150 44
102 172 34
129 90 0
253 265 86
92 270 21
111 299 39
186 261 58
169 167 47
18 168 69
255 72 83
174 281 27
130 178 36
160 64 60
80 191 67
14 46 30
277 6 33
38 221 37
18 127 88
93 119 24
32 213 18
176 283 61
34 106 33
18 58 67
186 246 39
220 204 78
211 138 42
127 290 40
19 171 38
293 108 16
163 24 30
75 188 63
24 255 71
257 231 21
116 122 38
83 29 71
227 38 51
209 79 89
24 247 14
131 154 37
86 28 86
107 147 25
231 137 17
145 291 47
106 175 40
246 78 40
247 219 93
146 156 89
7 264 35
86 25 71
120 161 99
146 251 33
255 124 74
0 76 79
113 243 67
127 181 51
235 71 58
48 161 74
246 143 85
280 201 23
22 123 20
163 92 34
34 257 53
60 171 51
253 273 65
73 291 77
220 175 74
23 283 83
26 185 9
278 291 41
12 259 80
141 98 19
126 219 71
51 159 81
25 10 30
28 245 29
24 166 57
88 295 48
102 286 53
116 104 80
186 211 22
151 241 7
264 243 71
257 196 38
11 120 86
86 147 86
9 228 92
77 210 66
109 234 15
73 241 36
102 9 72
264 101 0
129 5 1
12 29 80
97 173 20
11 183 1
175 147 35
198 263 2
168 35 83
92 84 38
91 93 50
126 206 81
251 33 91
193 20 46
272 50 0
189 205 91
56 131 72
229 143 71
21 250 78
273 36 20
38 262 8
33 253 64
30 63 26
16 66 26
150 157 4
6 230 23
298 226 57
97 208 66
114 38 21
12 153 91
16 114 35
280 285 40
111 51 8
218 291 19
141 230 48
9 164 62
149 94 4
64 70 14
217 60 10
292 153 12
227 154 81
97 235 37
120 279 44
150 158 66
31 266 2
97 15 53
24 169 74
16 97 5
34 85 20
102 127 2
128 269 69
179 22 93
130 15 34
24 144 51
37 159 74
95 207 70
223 239 87
7 271 74
28 239 35
32 161 26
251 296 63
166 126 32
97 39 40
169 196 53
59 138 45
285 54 85
68 269 52
233 204 88
270 95 90
163 182 91
270 217 39
114 52 14
227 169 36
175 128 74
216 60 86
188 275 56
0 97 55
209 195 99
125 11 31
16 148 38
219 99 14
293 23 27
231 140 39
151 263 87
275 267 33
28 179 82
166 219 85
209 170 22
246 5 3
38 141 31
214 264 93
246 143 16
42 62 26
169 23 54
72 256 99
287 250 49
96 118 57
261 246 2
26 29 97
150 146 50
242 245 83
76 227 88
282 5 10
282 183 17
214 213 6
208 299 51
276 36 28
97 90 64
0 125 22
186 255 25
237 4 22
32 248 25
155 51 23
151 100 68
61 289 9
57 228 42
254 44 74
149 257 54
106 229 41
12 89 63
223 212 18
34 7 21
155 292 31
155 280 83
86 43 98
81 180 31
68 218 61
106 217 65
188 29 57
81 18 66
117 215 70
197 215 94
156 294 78
22 140 78
86 99 52
247 84 30
113 292 70
81 179 98
254 59 98
75 183 97
298 79 38
92 240 10
4 274 94
175 245 48
166 198 78
42 94 85
298 185 97
231 124 9
91 238 90
106 30 22
126 201 94
29 292 71
16 166 95
39 183 6
17 44 78
122 61 52
81 50 36
38 149 14
38 214 79
206 32 8
292 236 41
66 127 57
82 290 69
227 216 23
287 65 88
227 255 37
243 281 44
149 287 9
247 50 47
16 248 29
285 140 12
282 148 87
125 149 25
233 26 31
33 238 19
22 143 77
217 134 89
106 89 86
231 159 75
150 270 73
6 8 37
31 161 27
67 187 88
224 171 7
198 133 15
197 156 0
75 221 0
175 204 13
160 162 67
290 35 74
211 128 44
265 63 79
135 265 69
160 151 0
260 180 71
76 34 15
94 102 51
82 137 66
129 174 47
145 221 82
11 212 6
9 53 72
90 144 98
135 235 76
210 241 50
34 106 64
233 108 60
219 160 64
119 248 37
18 241 61
16 186 79
251 61 74
163 8 3
79 10 77
48 62 86
46 108 95
26 255 82
25 281 1
226 250 49
66 232 62
197 19 72
289 167 63
94 178 19
185 30 62
175 168 54
269 181 71
135 172 49
282 296 82
211 259 62
150 56 1
0 261 98
182 296 71
16 299 59
268 228 5
292 236 11
135 56 79
125 15 73
206 90 86
214 79 79
166 25 14
141 277 3
11 190 63
104 258 74
255 109 65
89 63 70
186 269 81
209 153 49
197 51 37
124 71 28
169 219 27
50 296 54
14 287 41
194 258 36
195 203 80
111 152 16
172 73 2
220 93 7
34 24 46
51 35 32
160 101 6
227 285 61
76 38 41
7 51 9
25 122 60
98 22 76
219 282 65
146 33 29
38 37 15
126 264 52
205 164 15
257 225 66
0 76 18
197 277 91
298 28 97
92 48 25
48 65 57
235 46 24
214 168 86
150 290 32
111 41 62
75 43 73
69 119 75
48 112 51
219 67 80
145 140 25
103 71 96
229 173 47
293 52 32
33 101 96
186 218 8
34 97 60
282 120 36
94 151 1
295 200 24
76 198 34
216 151 34
83 141 22
246 89 7
232 266 91
277 57 2
163 24 19
147 231 43
147 118 22
135 218 16
88 144 7
114 242 11
209 175 65
247 166 38
139 145 41
240 292 43
189 110 63
193 238 29
27 272 5
76 213 85
76 12 97
150 14 8
0 125 93
298 243 84
248 180 37
106 61 21
243 65 61
148 124 57
33 170 80
12 273 68
199 241 74
0 76 85
6 286 24
62 14 57
217 36 41
76 92 33
76 34 56
90 153 80
24 121 86
129 135 76
114 259 85
186 258 85
92 246 84
18 219 75
4 67 9
166 169 36
0 97 49
22 44 64
125 91 59
282 292 58
176 87 72
216 178 86
243 29 82
15 25 24
166 126 77
235 172 78
166 211 51
114 38 83
169 176 49
93 119 64
163 91 42
116 195 82
249 258 98
298 9 29
38 96 47
139 240 93
150 24 59
217 155 4
223 198 60
163 214 73
97 7 14
220 172 9
159 164 77
39 289 22
0 81 56
292 101 36
220 204 82
270 204 74
160 280 74
28 159 21
6 167 98
11 168 1
130 79 74
186 240 82
169 243 43
229 22 14
16 217 74
16 179 58
129 122 89
7 96 67
240 122 26
255 87 86
34 32 80
261 240 83
156 54 49
166 219 27
126 216 92
204 269 9
42 78 4
18 158 70
34 211 80
111 221 37
47 193 26
114 250 48
231 178 51
112 103 93
0 216 32
0 254 87
224 273 67
158 159 29
43 201 52
27 196 41
34 16 50
273 262 44
175 115 26
76 34 29
136 35 54
51 192 47
51 121 8
282 82 73
288 226 16
98 78 87
224 174 56
66 229 29
219 241 73
27 101 36
224 33 4
93 167 74
179 5 99
219 160 22
103 253 75
192 299 54
10 11 30
141 107 58
34 258 6
25 19 68
114 68 4
55 201 97
34 217 15
1 168 69
59 225 44
223 8 69
31 165 31
81 223 5
29 37 80
38 83 0
175 74 82
269 40 25
34 16 81
158 2 44
98 296 38
131 231 33
206 12 82
206 95 5
81 7 13
188 109 42
282 239 88
28 127 65
90 49 26
90 253 25
168 276 84
76 207 46
270 253 19
34 48 63
266 36 48
9 99 5
239 236 47
189 260 0
92 60 93
174 107 13
214 179 20
125 132 13
116 15 94
231 153 90
98 188 78
0 76 54
48 74 1
59 190 88
91 121 62
232 157 10
207 165 99
86 270 26
98 37 97
51 255 52
10 174 42
185 269 38
48 101 42
172 31 60
39 200 86
169 209 43
94 297 30
18 146 45
146 158 26
277 57 46
156 143 75
220 141 13
224 175 28
150 89 75
109 132 26
145 236 66
38 189 99
82 161 13
282 52 87
218 103 20
163 117 14
9 1 43
247 40 61
186 139 20
88 203 18
220 217 83
18 179 92
151 19 35
211 276 71
106 91 29
190 222 83
125 254 90
217 229 66
213 239 21
93 58 8
111 248 54
92 89 8
206 263 45
239 43 37
265 3 50
7 106 1
16 97 95
69 4 52
34 16 32
147 191 84
38 211 78
104 209 99
196 226 1
83 130 4
130 149 4
47 249 52
81 54 31
214 90 58
186 27 5
247 25 78
248 3 86
92 219 16
179 77 72
34 247 17
42 235 11
111 6 0
246 122 72
293 170 72
243 140 66
76 9 74
229 199 69
166 38 25
38 219 29
98 137 84
42 250 20
113 146 37
172 55 21
160 74 84
76 112 75
129 139 98
34 126 7
56 119 19
16 272 44
19 263 70
297 127 84
104 195 15
219 71 64
240 1 76
136 85 85
101 1 6
60 53 48
132 263 11
66 142 73
0 34 32
197 279 33
125 129 45
7 101 10
163 116 45
282 140 92
158 283 53
173 199 86
76 81 72
220 125 19
26 174 5
29 177 41
86 137 21
0 163 26
112 41 1
251 296 30
193 142 8
48 2 89
103 43 41
216 155 94
104 298 4
198 142 69
5 194 21
270 200 71
198 41 21
113 237 50
112 58 47
213 185 28
186 237 95
129 4 44
18 11 5
61 82 59
73 279 85
169 126 4
169 83 59
293 274 59
298 211 39
160 259 94
286 138 12
214 88 8
186 15 82
12 208 15
31 296 49
23 153 17
162 67 92
220 12 5
179 61 93
113 273 47
81 22 90
175 80 38
16 97 5
15 33 83
16 7 61
182 88 93
22 228 68
150 15 19
277 278 99
27 148 81
223 181 92
223 178 25
216 36 63
229 225 28
227 145 57
7 28 47
248 290 40
83 56 87
104 71 69
106 130 73
287 262 71
135 65 59
97 25 84
66 257 93
114 271 31
122 32 45
125 236 3
247 119 37
254 231 82
0 34 31
51 96 14
94 297 55
247 291 34
141 243 23
62 161 0
75 297 68
34 213 72
274 184 24
209 297 2
75 138 93
224 35 30
109 290 88
48 65 81
231 23 84
116 212 31
257 207 71
58 268 31
18 153 93
113 111 21
166 93 97
232 184 63
154 291 79
237 171 31
297 287 33
72 268 64
223 57 92
163 145 74
62 248 15
251 229 79
191 269 0
16 2 94
92 211 43
86 170 75
42 146 52
76 81 30
224 186 31
106 231 38
220 197 6
123 120 77
298 14 50
25 297 33
151 52 94
206 292 20
25 145 5
112 202 95
227 90 3
280 286 10
16 70 2
276 241 4
116 129 94
10 198 69
217 62 83
75 35 71
81 80 41
97 270 35
196 274 89
94 67 31
122 152 55
195 155 12
160 174 6
195 142 28
280 30 16
149 61 88
130 287 89
298 266 19
276 99 70
197 49 70
198 262 27
51 164 47
33 194 63
42 253 14
237 31 95
206 267 58
31 259 3
169 106 44
124 234 66
15 18 18
81 68 53
15 9 74
247 273 44
269 201 82
0 272 91
217 268 46
175 239 34
33 241 59
141 229 56
149 111 57
11 256 99
216 184 57
8 267 66
196 202 42
76 275 77
0 16 89
26 155 7
185 65 39
247 86 31
40 165 88
79 48 70
136 117 7
261 131 66
11 112 10
112 243 58
15 23 57
227 149 23
116 219 21
14 87 52
227 48 1
92 130 8
178 262 18
216 244 89
175 37 41
206 250 32
16 97 8
169 112 94
125 25 43
0 211 58
34 66 58
106 133 86
221 142 54
254 157 2
271 69 78
169 104 17
213 208 22
75 182 58
14 263 4
292 17 47
186 239 98
292 101 70
76 150 52
248 158 0
160 255 38
174 111 28
82 285 47
61 4 96
293 93 91
145 144 99
242 73 95
86 75 5
157 36 35
232 285 97
116 130 62
261 133 47
220 37 11
172 137 12
130 33 15
277 194 72
260 137 9
156 148 37
224 68 78
12 275 38
149 82 49
10 288 93
81 125 22
186 273 85
163 51 12
17 72 37
119 185 26
33 287 8
277 232 72
286 35 27
214 107 24
81 293 14
76 83 51
116 113 50
22 295 98
76 166 44
219 237 30
93 208 79
118 165 36
142 120 33
75 199 99
117 142 52
293 49 72
92 135 4
97 261 78
214 134 61
261 273 71
299 44 66
97 42 52
151 84 48
76 240 39
113 18 56
277 272 84
68 48 72
97 163 8
292 43 78
240 6 58
220 289 81
227 125 25
197 84 82
16 178 35
97 90 54
104 175 61
282 50 26
58 262 70
255 36 12
122 243 52
235 142 32
226 202 14
15 253 71
102 142 91
219 62 10
243 154 86
97 188 35
227 209 62
102 207 69
223 226 71
76 34 51
244 45 92
133 152 1
243 102 7
171 212 19
68 32 28
125 132 1
209 240 47
163 83 55
12 235 52
148 73 56
113 6 13
0 34 93
233 128 15
101 40 94
12 13 27
116 242 70
47 200 68
219 98 68
81 262 25
170 262 92
17 296 99
298 112 56
202 285 55
4 290 73
81 80 32
66 82 28
292 269 79
220 281 54
99 96 35
121 20 89
106 104 35
76 24 70
11 226 80
160 102 99
81 11 57
204 231 18
288 171 48
169 83 14
0 97 45
88 213 41
254 231 38
22 210 56
61 226 7
180 2 54
107 173 7
214 74 48
33 5 30
131 191 1
75 205 92
227 111 52
51 225 96
0 233 63
28 205 88
191 123 36
191 165 68
130 135 83
24 293 49
76 149 28
24 154 50
48 61 41
122 22 46
214 49 47
46 215 27
58 284 3
24 122 27
92 237 18
93 156 50
114 247 15
86 219 11
195 212 80
115 252 21
56 262 38
195 173 97
247 83 58
107 131 4
97 196 81
104 10 22
160 205 66
95 234 4
246 119 53
129 90 95
114 83 85
122 161 35
214 155 61
106 52 37
242 204 33
104 278 58
195 12 5
0 217 42
104 195 0
38 284 67
173 133 57
99 13 32
180 161 38
94 111 60
190 225 47
143 20 74
79 257 61
10 60 2
166 298 34
11 215 45
240 221 1
277 194 65
98 5 10
130 237 51
114 112 46
114 21 44
90 100 50
195 29 36
60 52 61
163 85 9
125 210 64
6 140 76
220 9 17
275 157 16
68 90 21
127 168 64
219 8 61
111 161 45
34 67 81
12 47 19
51 212 38
196 230 29
239 47 21
141 173 42
80 63 52
116 213 27
243 297 49
237 60 86
92 255 95
23 262 2
286 118 45
169 3 56
76 54 88
150 7 73
33 272 68
7 219 93
168 269 7
97 256 52
227 9 74
75 132 72
18 139 6
91 135 8
241 193 64
11 223 25
220 235 33
240 143 11
6 118 89
15 93 36
115 157 84
195 206 65
76 86 93
112 157 56
16 103 13
42 91 74
253 171 21
166 36 81
80 260 38
0 216 25
93 287 37
34 24 50
76 195 75
19 269 27
139 176 82
28 218 6
58 236 1
68 128 93
233 107 43
243 22 93
151 272 92
224 197 52
10 240 30
218 223 51
223 244 17
5 198 93
77 140 56
129 173 53
262 258 79
0 114 87
34 169 39
273 285 36
141 233 6
10 61 26
24 36 47
254 8 35
83 210 33
102 74 81
214 293 73
103 280 51
86 219 6
122 69 19
186 115 11
95 175 96
90 269 87
0 81 45
227 75 73
237 46 14
51 207 3
224 293 78
174 32 74
114 113 94
179 167 47
90 244 56
16 9 35
209 12 75
130 42 17
0 97 43
66 45 22
56 39 50
143 133 24
94 255 77
92 35 49
12 89 21
247 233 88
126 88 3
81 129 63
225 87 97
10 127 98
111 128 21
59 191 71
3 259 86
95 41 77
290 55 94
192 258 97
84 54 54
16 223 79
233 253 15
7 38 63
95 162 2
0 150 79
114 66 57
86 169 90
16 75 98
174 278 40
98 215 5
194 35 61
251 281 31
294 167 45
220 162 23
68 143 67
97 12 93
104 190 54
247 221 73
289 144 7
106 31 33
19 82 2
34 150 14
79 269 42
81 79 33
294 54 52
156 222 8
114 247 25
98 158 39
60 180 61
235 275 32
12 140 48
128 194 69
224 133 79
14 67 95
113 129 89
219 140 6
126 182 35
116 129 83
264 178 17
16 148 27
167 245 83
24 227 99
163 228 19
16 12 63
151 88 29
288 274 32
92 62 39
11 292 21
92 106 36
98 274 13
131 170 4
194 117 95
146 258 46
66 9 46
115 29 47
25 58 89
103 80 40
76 220 38
214 112 84
266 121 29
97 231 70
100 121 49
38 79 63
288 41 83
56 226 36
280 292 97
94 272 24
7 166 94
16 51 24
182 165 1
0 76 11
91 101 55
98 222 73
227 7 1
264 117 74
224 265 0
126 84 40
156 128 88
34 16 76
84 283 19
125 78 23
48 297 41
261 104 32
226 100 19
21 194 14
277 257 53
163 47 55
16 150 46
263 118 16
247 86 61
260 287 43
98 40 18
51 176 38
151 21 15
146 139 87
104 243 63
150 68 87
210 40 68
258 222 62
86 57 91
163 171 90
89 212 3
237 187 8
94 226 79
135 210 42
280 147 78
247 261 20
135 66 73
88 226 11
270 66 0
68 102 8
189 35 87
172 250 42
116 270 88
289 54 28
298 223 8
0 7 83
219 59 63
278 100 83
86 252 6
206 61 29
58 117 6
125 74 96
218 6 27
17 230 65
48 271 98
166 112 72
216 148 42
179 10 30
270 233 62
149 152 48
11 69 70
42 222 0
113 211 29
51 87 56
224 3 91
48 200 39
240 91 7
119 110 81
98 216 65
17 153 16
151 189 84
106 111 51
277 177 48
25 112 25
214 139 45
116 126 23
0 25 64
188 284 23
22 59 82
0 76 78
109 285 34
76 24 35
264 297 43
216 80 24
124 154 92
169 288 9
206 43 30
127 291 45
298 49 76
164 85 91
195 13 1
216 39 70
261 288 14
16 224 28
50 154 88
150 86 73
211 201 34
76 38 73
241 118 19
150 42 14
240 237 13
144 36 58
224 55 78
0 116 29
76 126 15
86 239 14
169 225 97
81 24 80
22 207 85
18 201 12
186 130 69
253 64 33
12 91 14
52 8 12
97 63 99
146 4 22
212 274 4
158 207 74
103 35 52
174 136 24
219 191 44
97 103 25
296 234 2
3 100 85
61 40 9
74 259 21
254 8 98
37 263 90
206 234 60
92 233 65
216 102 63
74 1 46
218 66 40
175 147 92
91 265 62
150 24 3
163 237 67
155 52 48
98 235 31
185 84 79
75 136 74
166 78 24
166 298 68
254 134 82
83 199 72
152 181 99
38 229 6
51 273 35
24 38 71
81 224 90
209 145 42
171 37 71
171 176 95
147 69 40
104 18 24
76 247 70
15 26 24
0 16 37
15 141 47
58 8 69
227 205 18
243 156 36
211 62 46
270 89 97
33 29 57
114 229 69
209 129 32
293 218 64
251 155 90
188 217 17
172 285 73
224 86 52
224 157 13
237 297 21
150 83 52
151 1 48
98 51 98
233 182 58
254 283 12
16 208 43
91 107 2
237 131 30
177 69 10
42 264 47
247 50 95
154 96 45
27 118 4
146 290 37
88 266 60
81 104 99
34 16 74
219 4 8
9 137 43
220 216 45
274 238 27
282 29 48
270 138 94
92 297 19
280 47 91
186 221 33
89 17 73
173 164 47
34 97 34
33 273 90
179 144 63
16 150 35
106 39 63
146 162 57
176 142 26
260 263 36
295 44 96
137 291 29
233 101 29
217 63 27
7 262 3
208 187 38
9 72 60
155 31 44
247 82 81
81 97 93
217 19 10
90 151 99
178 153 65
92 299 53
175 109 4
147 184 16
219 42 54
227 169 97
60 14 64
92 44 87
0 34 31
257 78 5
216 102 50
90 255 75
57 167 35
154 260 28
66 80 27
18 217 92
189 184 3
130 214 26
28 288 24
126 293 99
34 211 24
98 93 72
82 286 28
296 13 76
264 177 33
37 289 50
175 185 12
112 168 56
251 297 68
97 256 96
116 205 79
112 131 43
103 228 50
125 1 50
9 132 7
217 102 71
205 252 30
147 39 66
75 178 52
264 112 61
89 273 95
188 62 79
0 98 32
232 287 32
116 218 15
114 147 49
16 252 29
125 74 47
34 209 8
149 268 24
278 180 12
16 150 85
182 140 99
217 250 21
209 170 45
271 251 8
0 76 89
8 168 29
83 137 87
216 1 27
12 93 30
226 296 3
192 286 22
1 199 52
251 14 61
195 135 45
242 296 91
47 144 98
7 38 11
186 108 3
107 171 82
42 199 54
204 286 1
163 166 32
276 71 32
169 244 47
246 292 9
186 261 15
155 189 0
285 268 58
125 255 29
233 27 88
18 90 23
221 53 72
198 278 32
114 68 8
76 81 79
21 36 82
16 247 48
113 292 9
24 90 61
188 216 32
128 278 6
166 293 54
224 38 29
114 211 54
97 238 21
264 74 66
33 39 84
83 42 25
125 159 49
95 287 28
284 41 86
172 236 55
277 123 24
92 128 25
42 2 61
130 242 27
160 296 31
72 67 76
28 149 1
34 2 31
163 112 13
68 141 25
7 113 27
270 297 57
174 102 11
145 11 25
95 96 49
196 147 27
174 203 58
125 14 89
75 251 38
251 61 60
106 239 9
189 164 14
272 8 77
133 200 78
209 219 98
251 108 80
0 163 74
97 247 62
163 114 37
149 43 95
192 158 88
76 139 24
59 248 99
128 244 39
231 278 48
7 73 51
18 229 20
186 261 67
298 99 22
38 63 36
195 278 84
10 72 76
146 153 81
150 24 60
15 141 22
5 234 71
130 94 14
81 186 86
102 221 31
95 286 16
155 36 92
145 109 18
186 220 52
112 94 67
101 127 12
280 221 66
290 181 91
169 229 54
270 14 23
119 159 52
261 80 32
208 64 95
146 297 32
11 144 36
223 185 72
16 143 94
90 249 71
78 161 46
92 261 6
89 112 70
116 42 66
93 72 62
196 47 79
186 62 62
224 12 70
182 140 55
219 37 24
139 155 77
166 169 2
125 106 99
72 245 77
76 139 94
38 52 39
186 253 75
0 76 85
242 35 61
125 88 60
240 112 64
1 202 92
197 281 95
60 294 48
191 190 49
128 167 76
207 165 24
224 62 77
211 129 4
32 99 1
240 94 6
129 216 12
264 217 33
257 82 26
218 244 5
104 173 95
111 196 37
26 27 42
68 113 95
103 73 13
188 263 50
27 95 97
212 45 24
0 154 83
155 107 2
224 186 5
264 204 18
81 130 79
7 157 96
130 280 8
16 116 74
24 296 68
131 291 78
188 103 69
129 25 25
12 27 17
91 52 99
182 32 65
224 298 14
261 52 61
42 13 69
221 153 55
106 188 43
129 263 66
7 130 31
12 174 56
247 216 53
149 234 87
147 35 18
86 229 62
160 4 62
242 229 86
141 94 93
34 163 37
151 156 40
288 101 99
107 204 73
130 253 37
103 80 59
102 101 84
94 212 74
98 151 52
68 206 52
122 138 80
25 250 99
51 231 97
220 106 92
24 255 54
231 274 27
298 211 30
271 77 96
163 247 21
94 173 78
126 107 18
253 248 30
243 252 59
160 168 52
143 159 16
292 154 54
229 159 73
145 144 23
172 180 14
221 136 66
125 230 71
162 178 8
38 98 10
107 121 69
220 48 60
231 77 54
68 172 16
68 195 34
125 87 63
211 46 34
209 147 9
104 83 50
22 134 45
80 101 89
179 273 21
286 96 66
106 104 76
169 83 65
200 181 15
186 86 65
94 84 51
179 155 86
130 274 57
86 112 72
153 187 82
233 192 39
188 244 61
246 286 90
204 14 27
26 52 49
24 116 76
143 63 78
243 118 53
166 6 26
0 150 81
97 160 50
275 252 96
185 55 3
104 217 24
280 294 91
216 242 15
16 214 41
19 286 7
253 178 8
88 228 59
40 118 91
169 18 32
240 69 18
107 119 46
47 287 96
80 72 31
227 220 46
264 157 28
155 232 88
195 269 4
206 84 63
248 168 58
291 279 28
186 132 91
34 86 84
51 225 45
32 50 61
35 70 86
50 274 53
15 292 12
61 263 96
59 236 1
25 235 39
0 76 39
169 298 70
38 86 65
294 36 92
214 254 60
7 66 22
76 160 30
66 23 43
261 15 62
48 11 80
32 124 91
231 133 19
0 188 11
24 86 92
94 71 77
16 120 71
150 214 70
229 80 18
175 5 42
251 231 9
7 172 78
89 292 86
79 146 83
76 156 8
209 154 72
114 83 74
86 273 56
38 277 48
141 189 57
22 96 88
176 73 66
223 35 86
9 19 49
281 29 52
97 24 95
273 153 62
254 2 36
97 75 87
46 43 4
219 197 54
221 100 38
51 170 94
257 162 28
120 267 33
249 120 88
214 293 3
81 8 90
32 70 88
86 130 32
292 255 91
97 113 51
150 9 57
261 6 71
15 98 56
266 164 20
97 288 99
285 296 92
97 187 51
285 184 92
17 248 19
148 245 71
186 9 69
160 155 3
127 258 36
28 144 16
21 189 74
216 60 50
298 276 40
247 285 95
239 275 58
186 195 90
93 223 7
125 12 7
83 153 74
48 212 32
81 150 26
64 137 29
103 96 70
227 296 89
42 221 82
264 147 1
34 16 8
33 229 43
59 191 83
131 147 8
25 37 67
113 251 81
136 258 19
177 30 18
126 272 0
104 231 95
115 51 86
0 76 17
109 96 22
25 198 8
125 243 50
5 84 45
7 281 30
220 82 21
25 94 91
227 17 24
116 126 32
24 116 77
223 225 82
240 175 16
1 158 80
246 204 89
254 136 95
111 291 9
97 169 51
122 112 90
128 50 99
264 9 46
48 80 35
102 165 81
280 54 48
254 64 50
76 179 34
198 284 84
156 8 24
209 85 66
24 71 75
95 1 1
4 36 58
168 167 91
199 3 87
86 200 15
250 201 29
146 242 78
81 46 45
145 177 45
296 120 44
132 180 48
68 172 77
208 252 7
293 211 58
277 5 48
169 282 32
247 38 84
7 129 72
75 236 0
5 55 89
243 255 24
205 259 70
130 162 65
16 7 25
7 237 47
277 198 89
237 89 19
77 283 57
133 53 27
27 170 20
206 267 13
90 156 37
242 181 93
79 57 31
195 90 36
246 297 4
93 231 47
192 236 71
243 284 73
56 32 25
38 130 51
19 230 80
38 48 12
177 50 64
139 94 10
26 294 39
294 258 32
233 240 40
114 197 66
247 18 4
145 131 80
24 227 13
97 166 90
182 53 86
179 253 77
125 195 91
253 153 60
95 288 57
0 209 79
95 105 6
166 144 67
146 289 57
130 209 80
293 57 1
5 232 3
16 97 53
217 27 12
253 238 55
186 219 14
169 71 49
229 203 6
163 136 50
224 86 27
246 60 6
227 91 50
16 227 41
261 106 93
68 168 85
8 268 66
92 223 58
38 297 40
288 32 3
76 34 48
38 68 85
244 118 95
239 284 42
169 31 89
25 251 76
174 248 77
226 23 77
253 55 65
15 253 80
78 72 16
24 146 14
34 28 43
190 207 21
188 94 95
66 215 27
97 224 46
286 50 63
95 230 73
104 79 7
288 290 95
28 87 39
114 38 60
139 80 40
217 257 81
116 160 90
71 44 52
92 17 18
8 67 69
298 260 40
293 56 74
42 139 47
53 100 90
88 60 38
253 133 60
60 177 13
224 145 21
79 264 98
125 223 61
251 267 27
262 296 74
169 149 4
94 1 3
34 112 37
81 195 17
16 247 62
18 274 59
24 116 19
155 210 34
118 283 2
116 211 85
209 25 49
192 53 82
28 5 98
226 189 94
43 296 57
98 253 48
209 240 59
30 99 71
125 66 62
218 260 26
241 250 26
123 267 10
68 267 9
86 239 13
0 206 31
19 279 78
280 262 74
295 267 51
298 72 68
249 267 14
206 233 12
135 44 70
79 149 11
61 260 16
287 43 2
1 157 76
237 35 95
219 93 79
26 142 7
86 103 0
261 145 50
206 278 83
232 82 65
1 296 49
199 168 66
158 234 19
264 134 99
94 279 56
48 231 81
163 114 41
139 145 36
173 53 89
98 149 66
116 141 23
42 272 29
95 198 78
298 270 81
42 26 54
139 231 77
190 172 46
280 276 76
240 277 15
149 111 22
26 188 99
145 192 23
224 233 57
163 17 69
102 109 81
209 12 99
145 288 38
113 286 40
138 137 42
163 92 16
26 102 69
26 274 28
116 101 56
212 194 15
104 155 25
98 225 9
28 136 96
128 258 8
219 277 12
86 253 31
209 42 3
216 178 9
61 66 31
219 162 51
94 199 26
240 207 71
197 80 40
139 248 66
125 158 58
38 223 48
127 275 22
217 73 75
24 122 54
34 143 51
25 95 10
247 283 12
116 211 66
94 105 55
177 178 88
206 145 82
38 122 56
195 200 76
227 229 64
114 253 7
188 161 6
282 295 22
232 99 68
223 33 80
214 282 28
62 164 10
229 123 75
24 298 33
289 225 33
149 117 29
92 111 53
125 15 27
225 43 54
257 165 37
7 29 21
113 214 7
133 153 21
29 148 79
242 180 32
79 237 95
98 257 66
38 276 12
117 53 42
189 187 8
271 185 41
114 288 99
10 75 12
68 104 56
179 50 98
158 252 98
16 242 64
34 297 48
221 172 70
22 43 13
33 204 90
171 41 46
95 63 3
92 261 12
7 61 45
24 146 2
114 261 77
171 87 47
172 285 15
90 80 55
106 91 90
48 233 79
0 114 75
197 89 19
126 101 57
0 179 53
79 161 7
293 197 10
163 52 11
86 144 29
186 106 66
81 75 11
0 114 46
102 176 88
178 96 68
123 132 9
211 149 9
83 72 19
217 53 97
34 284 72
126 79 22
99 65 20
151 36 68
0 186 71
216 143 86
163 38 25
95 194 74
24 92 89
24 75 37
246 102 54
243 138 34
199 200 32
179 151 5
89 275 59
188 232 0
151 196 33
217 30 59
0 83 37
60 143 32
60 142 13
143 20 55
125 261 7
34 81 12
271 236 47
115 47 40
76 81 28
81 26 78
16 129 21
26 112 19
251 89 88
74 45 82
28 140 25
68 49 81
33 263 58
219 60 96
293 59 45
107 288 12
186 83 75
125 53 14
42 78 52
66 136 7
81 163 63
42 270 88
52 77 59
265 259 91
205 118 34
58 184 90
281 276 35
198 6 43
265 13 68
182 140 36
26 90 5
16 48 65
97 296 9
0 186 74
104 212 4
179 107 4
10 271 27
48 84 47
24 149 3
18 133 66
186 175 78
4 127 3
127 161 72
166 130 97
224 268 85
293 108 50
41 207 34
257 275 51
111 175 67
0 93 63
47 191 37
17 78 98
39 128 59
193 203 42
177 286 69
28 10 68
224 197 80
66 238 40
155 232 81
33 190 74
17 241 99
139 185 64
206 75 34
119 84 48
242 5 9
224 101 91
271 94 81
282 45 7
81 262 3
270 51 74
15 48 75
261 12 28
163 157 67
136 265 9
237 254 56
146 180 33
162 189 9
38 136 93
98 253 48
69 192 69
116 140 10
5 77 50
270 179 74
77 222 76
116 169 77
281 234 10
185 142 21
14 295 91
34 163 60
81 209 39
254 82 88
80 265 60
73 55 47
16 271 10
38 106 33
107 22 84
23 159 60
293 19 96
7 116 22
34 95 82
31 222 93
178 13 53
271 63 76
242 77 43
182 275 76
104 219 46
86 129 78
114 298 46
10 121 7
174 226 26
224 145 15
26 149 83
34 24 94
16 186 61
113 175 54
68 98 17
213 99 80
218 51 1
68 139 32
188 94 4
10 59 28
204 6 82
130 61 21
28 74 16
275 284 72
109 259 79
12 47 78
34 294 32
216 284 83
247 10 57
5 168 82
251 155 35
114 91 91
209 109 59
200 268 67
232 64 23
286 137 26
83 26 58
26 297 91
214 226 69
42 122 62
81 97 91
0 220 48
299 183 98
110 222 36
156 118 88
251 132 64
38 234 64
81 289 56
25 30 35
76 247 52
189 285 88
83 10 30
80 287 80
92 130 41
24 213 97
150 224 69
270 232 27
101 30 39
91 136 44
19 176 2
174 59 57
145 221 89
38 255 6
75 285 71
15 39 54
135 208 95
115 45 43
150 37 46
227 270 26
155 80 24
112 215 76
31 244 24
34 219 74
150 141 91
216 176 0
60 222 75
243 285 8
186 175 47
298 42 34
256 165 53
80 158 22
10 294 9
208 54 50
221 265 48
16 38 72
216 4 17
186 227 51
79 290 87
7 15 77
169 48 79
139 240 3
206 216 54
196 256 18
97 116 79
208 96 87
80 225 79
251 94 71
61 272 94
247 38 42
195 11 88
24 114 13
19 285 97
82 13 13
24 7 44
104 139 77
0 247 86
130 75 54
69 222 48
76 16 97
160 58 63
185 23 37
104 188 50
42 218 40
114 148 56
60 148 92
191 144 91
211 26 35
275 278 47
252 267 82
272 108 72
88 202 52
159 222 49
134 296 22
270 187 59
67 274 98
130 243 11
112 59 47
42 255 94
293 272 9
103 87 92
126 28 76
113 26 19
93 257 96
279 201 32
114 247 77
186 207 26
83 66 46
227 12 23
69 176 67
270 170 39
64 291 7
14 266 29
16 211 46
19 259 42
126 160 24
27 59 66
224 207 7
214 156 89
237 215 38
188 33 97
97 298 79
266 161 12
233 52 87
92 63 95
7 298 5
272 84 28
233 176 44
38 11 93
62 170 44
247 46 50
146 194 23
93 131 72
89 102 45
266 2 11
68 113 44
166 83 97
15 243 92
146 280 35
227 271 6
176 132 81
98 244 82
240 21 9
182 158 29
104 277 73
208 154 10
288 57 83
0 116 3
131 17 44
81 27 21
166 68 39
19 110 47
74 171 51
246 155 14
281 46 63
237 39 99
125 240 82
78 193 27
132 228 93
281 291 82
98 144 69
34 204 45
150 79 41
125 56 97
213 200 3
199 35 53
19 108 36
288 232 29
179 142 0
224 23 76
217 173 50
125 42 26
264 118 93
76 81 63
293 211 19
292 290 69
278 210 16
171 45 56
297 225 57
117 20 18
79 139 36
163 220 37
68 86 31
227 289 41
17 198 93
111 167 46
113 75 15
61 95 76
102 147 87
116 159 28
16 224 81
61 156 11
199 210 53
88 62 1
110 54 60
188 72 47
41 259 3
33 171 20
50 13 98
5 198 66
88 205 73
0 227 8
243 102 34
66 228 64
60 287 63
272 6 67
127 152 93
208 109 95
246 256 40
254 213 32
233 160 0
233 98 91
59 159 64
9 137 9
246 180 32
93 29 53
233 102 30
186 233 71
60 121 59
84 13 33
294 279 85
214 93 90
294 96 39
69 208 42
34 251 38
116 114 2
8 105 81
113 145 78
160 131 15
122 174 84
235 168 0
26 255 99
86 161 12
97 58 72
160 66 19
79 195 51
12 102 25
206 75 25
141 188 18
68 131 66
92 180 89
15 25 86
166 244 9
277 280 93
0 179 64
251 235 32
177 45 13
16 237 34
125 108 14
76 116 76
148 296 21
174 274 34
25 252 35
248 203 70
173 256 91
297 6 8
81 113 57
204 14 47
98 100 56
273 72 62
292 73 25
5 138 2
50 201 28
111 192 45
130 60 91
237 80 4
206 55 89
114 80 13
38 75 98
12 35 86
0 76 90
15 143 28
109 180 7
220 5 76
141 122 81
276 200 90
148 236 41
130 52 84
69 165 61
221 284 6
128 284 14
261 219 14
7 261 49
254 288 45
34 97 67
113 194 51
158 45 72
125 282 68
262 274 58
247 255 60
200 203 56
234 201 23
38 199 23
135 62 6
166 145 94
292 178 96
195 241 2
293 237 15
92 160 67
0 163 52
129 78 51
33 213 60
122 112 90
281 108 23
186 33 73
18 246 25
34 114 64
141 188 36
175 69 25
229 67 76
216 296 51
260 262 43
24 247 32
12 50 12
104 258 63
206 176 34
169 18 74
116 169 75
62 52 60
101 77 14
66 60 94
106 243 70
93 89 72
130 182 40
287 183 57
119 31 28
218 53 54
113 11 80
204 173 17
271 33 8
113 125 55
271 107 6
271 107 54
227 262 21
49 278 56
204 268 72
247 175 7
97 146 62
28 146 52
55 65 63
106 264 82
254 275 90
247 91 23
154 165 5
189 55 70
261 2 88
39 128 15
163 18 54
1 136 5
21 47 89
150 188 92
151 273 49
116 130 76
126 245 13
15 177 34
46 108 69
79 27 76
93 273 81
34 223 27
76 104 37
255 198 50
68 15 87
18 112 2
219 128 64
79 263 42
26 285 97
166 21 63
145 223 35
58 287 25
7 130 29
265 46 10
112 269 23
278 263 71
156 109 78
146 246 63
131 291 47
59 266 47
248 283 25
52 191 97
231 268 87
97 87 83
92 17 59
116 129 66
175 127 49
38 68 5
242 143 46
293 119 1
188 37 21
28 95 58
58 49 24
96 71 94
68 287 35
192 265 79
102 100 78
119 44 97
257 289 21
212 134 16
116 149 26
247 160 40
76 68 85
24 224 79
12 246 15
166 151 18
107 147 63
214 204 33
277 151 24
68 92 34
270 183 47
173 245 12
76 34 89
15 214 24
12 292 65
224 277 96
61 153 56
113 103 70
83 149 51
0 202 1
62 215 94
104 126 3
46 165 87
162 294 43
169 92 90
67 230 77
166 162 71
163 186 53
104 18 88
220 219 40
76 81 55
204 199 25
106 104 82
34 150 99
133 266 18
24 130 96
79 39 52
255 1 96
126 206 29
298 27 74
126 27 79
16 116 38
163 141 50
277 21 83
22 8 87
136 14 19
141 178 37
16 86 2
228 20 75
202 180 76
33 82 65
66 222 77
115 120 46
26 9 22
293 22 52
16 189 62
129 216 71
125 139 41
186 30 79
220 113 31
18 143 64
56 121 74
202 286 45
122 109 43
97 282 7
35 268 76
237 4 12
91 94 30
128 266 91
158 120 73
293 246 28
146 264 95
109 3 68
270 14 57
163 188 67
24 7 88
91 149 97
129 171 73
80 208 43
106 93 97
61 43 41
11 188 48
16 204 38
76 173 2
92 149 23
195 233 58
34 56 28
206 65 2
219 91 4
274 85 8
168 269 10
224 179 12
102 121 63
112 53 37
34 81 14
62 148 62
90 45 1
102 47 50
157 161 9
150 27 12
11 37 77
295 110 82
277 40 31
233 98 83
73 35 60
233 243 47
68 197 15
253 226 2
116 74 21
28 5 76
242 156 7
104 293 19
91 178 83
126 171 90
42 43 75
34 141 86
16 7 95
86 12 95
81 136 24
257 9 96
22 57 57
61 180 72
129 53 36
247 129 6
75 223 50
91 203 20
227 261 32
24 91 36
163 146 15
138 37 44
78 164 58
144 100 47
280 23 29
242 136 16
293 91 11
298 223 13
116 126 28
86 240 13
48 225 74
75 191 75
211 292 82
272 210 20
280 287 35
255 172 67
116 29 87
175 142 74
246 82 14
140 244 6
83 75 6
163 86 38
135 3 70
25 217 77
217 142 16
197 255 88
94 208 88
219 179 34
56 8 10
169 195 3
33 153 51
130 190 37
243 110 73
10 43 9
297 212 7
132 137 18
68 49 87
281 65 51
68 160 50
21 144 36
167 165 29
139 171 31
227 7 99
298 211 28
186 206 87
163 219 94
286 299 62
29 213 61
116 162 26
188 136 3
14 248 60
290 63 59
51 275 12
141 221 25
135 156 19
150 69 72
1 267 37
81 163 41
293 248 24
237 148 0
229 196 99
130 237 4
190 262 0
122 89 66
186 92 69
38 83 67
169 115 68
33 13 37
196 176 67
166 28 73
204 131 17
169 89 20
277 204 2
94 80 17
185 37 17
169 9 75
25 257 93
113 174 9
284 55 35
8 127 26
211 139 11
114 261 21
297 151 45
104 208 15
286 296 8
51 120 48
135 56 0
0 81 2
229 177 58
237 200 44
81 114 35
16 104 41
130 60 80
131 295 72
135 168 1
92 251 71
168 291 24
214 67 19
75 182 21
122 160 36
216 199 42
25 56 51
216 87 98
227 86 8
141 91 19
177 50 3
29 244 74
195 28 61
34 38 9
253 20 68
293 122 66
116 182 2
34 81 12
103 284 86
224 88 86
186 30 95
291 165 81
135 107 47
129 111 24
246 221 1
231 3 80
34 102 26
175 59 6
15 265 87
240 217 97
254 225 1
76 288 42
39 199 47
90 23 46
16 299 26
229 110 70
169 104 93
211 47 67
97 114 79
150 144 57
7 177 20
48 98 23
219 25 84
104 87 29
103 136 65
262 99 12
217 123 80
92 111 57
298 30 15
145 136 59
264 140 69
186 233 75
37 291 92
117 63 18
34 24 82
17 201 92
66 23 10
202 239 71
126 282 27
247 166 41
106 3 38
255 200 16
84 207 75
116 88 1
24 247 31
24 67 92
254 281 33
205 164 26
224 174 59
125 155 90
292 39 98
113 125 66
218 250 92
11 216 58
61 69 60
218 176 84
25 5 48
34 182 17
17 265 12
175 253 49
151 284 81
220 11 96
186 219 77
0 76 3
78 159 92
155 136 88
76 172 49
197 31 33
135 287 15
8 194 36
233 108 77
11 93 46
0 182 82
11 52 79
186 247 41
34 21 95
93 36 64
125 42 27
7 219 62
68 218 38
75 260 21
76 139 16
217 177 11
97 82 39
16 23 48
7 292 5
24 33 25
269 262 53
232 119 81
119 278 64
281 184 75
119 279 53
16 227 90
219 160 43
163 24 95
148 208 29
170 189 72
17 213 15
273 176 72
86 146 52
151 39 89
7 195 41
237 180 65
163 181 69
38 174 38
273 109 30
39 268 71
214 175 68
163 150 45
130 272 77
114 87 17
247 38 96
24 7 66
170 100 31
101 55 22
27 296 6
116 222 77
219 12 60
235 192 34
86 188 61
104 79 74
281 73 98
108 295 97
97 150 37
14 170 67
125 197 51
251 62 71
182 27 50
101 187 3
7 114 82
0 24 54
163 150 87
226 117 86
89 223 45
12 129 76
83 271 82
174 191 76
235 287 46
160 237 72
242 52 27
208 137 93
221 192 0
247 198 94
217 253 88
78 118 2
38 172 67
122 44 22
0 163 73
114 277 22
227 26 8
103 67 56
122 215 95
148 128 84
264 281 7
270 12 30
11 31 9
130 176 20
114 261 67
169 182 80
12 27 20
0 169 67
94 269 59
68 106 63
285 134 62
253 255 55
27 95 57
169 196 23
247 104 72
297 8 3
227 271 27
112 80 88
12 112 55
219 22 72
133 207 81
174 78 87
62 288 20
112 52 79
57 13 99
128 294 15
38 269 14
155 196 89
69 187 58
282 32 6
255 268 0
185 124 70
265 189 94
97 15 65
170 140 87
297 229 51
141 17 95
178 31 50
136 159 66
195 128 49
271 123 38
34 186 81
7 288 2
103 164 58
211 115 91
114 25 41
173 138 94
103 134 93
257 272 28
126 59 95
211 191 98
219 124 49
150 186 2
25 26 47
275 105 22
104 151 2
220 145 5
125 18 36
293 240 43
3 137 70
24 113 16
11 112 84
175 255 61
298 47 8
75 94 4
59 23 70
227 7 1
270 188 69
57 192 85
221 187 53
24 70 10
227 115 86
16 101 77
12 164 76
258 20 34
7 91 16
216 143 22
261 219 88
221 255 97
150 246 12
272 152 55
163 104 47
286 84 79
246 280 38
48 296 9
220 79 34
261 211 14
277 107 60
145 56 40
32 244 15
176 287 70
66 4 29
66 165 28
214 147 6
106 83 51
34 293 74
227 130 33
115 156 2
113 175 47
37 159 37
0 177 75
248 269 9
104 122 60
166 91 46
247 15 67
293 240 9
81 8 90
186 209 21
83 10 35
233 164 50
255 53 10
261 265 36
104 43 14
22 13 95
114 250 1
83 248 27
131 9 52
138 23 33
229 232 64
277 88 25
163 38 84
261 130 21
49 152 76
147 74 83
81 298 39
272 36 99
107 88 49
60 296 67
171 96 66
217 17 89
261 6 31
148 101 2
126 42 22
146 210 23
150 231 43
57 284 62
231 252 92
196 212 37
51 183 26
81 206 55
51 232 87
83 283 6
18 211 61
150 75 83
103 289 26
254 22 41
143 49 58
156 47 25
211 233 33
116 83 65
198 132 60
227 10 47
229 244 52
86 92 71
214 11 38
195 232 37
163 261 71
81 266 66
115 184 1
263 44 56
92 209 5
271 1 93
66 158 51
186 38 65
148 285 8
16 116 1
139 101 69
66 269 18
33 235 31
227 70 88
282 117 17
163 156 95
0 261 87
0 174 64
199 285 6
141 149 31
89 112 69
126 225 51
298 129 75
135 161 50
115 23 13
233 189 68
149 250 34
182 217 62
27 229 0
64 110 98
175 212 91
145 265 51
90 277 93
58 57 5
177 222 20
115 234 98
264 183 79
0 219 10
81 271 9
31 164 78
81 106 39
169 242 60
240 66 90
220 209 17
153 164 21
33 70 38
229 59 75
104 264 49
297 82 61
293 232 92
48 253 51
80 22 77
109 285 19
128 153 30
38 151 98
224 92 94
135 49 79
150 92 38
251 70 5
277 280 38
255 272 85
217 77 90
241 45 93
241 54 98
103 1 17
1 276 77
233 158 92
177 189 85
146 50 33
125 216 79
97 150 47
59 203 28
102 210 48
11 103 41
10 103 12
227 79 57
75 290 82
147 8 67
16 220 14
64 262 78
227 223 66
7 298 15
37 230 86
18 25 66
113 160 9
292 274 87
236 65 56
76 92 37
81 16 92
209 149 39
2 181 46
28 119 10
16 282 3
220 214 69
79 30 84
139 242 12
240 118 12
186 117 16
166 92 56
86 214 24
76 99 0
89 198 33
93 215 9
243 110 33
292 59 18
102 285 15
113 126 2
126 30 28
123 260 61
92 174 3
136 167 42
112 143 4
29 274 99
79 280 94
247 209 36
263 296 62
163 11 77
192 36 59
174 128 66
0 15 3
298 55 14
0 76 78
42 279 95
290 110 78
79 285 70
100 54 41
240 246 74
0 69 94
129 40 39
106 156 78
138 184 38
115 128 89
84 279 85
97 247 39
83 119 40
126 204 21
22 109 52
24 233 5
166 209 90
42 28 74
186 114 1
166 220 70
163 209 50
130 126 32
56 65 30
156 276 83
150 7 22
47 138 22
91 118 74
11 255 95
119 57 60
22 230 25
64 215 50
116 261 71
104 200 27
290 205 99
76 264 45
157 269 58
0 61 66
281 49 51
227 277 64
24 182 24
6 252 22
93 5 29
28 149 43
86 92 17
254 80 90
225 96 81
22 275 14
264 19 81
11 267 17
43 258 51
298 48 25
30 84 23
221 192 6
39 119 0
297 80 17
82 50 8
207 55 57
236 44 80
186 28 57
224 114 11
220 160 86
74 101 59
220 18 34
219 42 75
247 141 29
76 56 77
97 42 32
89 124 3
128 289 73
81 169 90
251 66 6
277 176 47
266 137 7
151 215 54
255 185 74
235 64 24
103 148 56
297 241 20
15 254 88
122 279 40
125 190 66
81 282 54
214 28 2
209 23 99
86 139 5
296 187 23
243 144 19
141 145 18
148 108 76
34 188 63
10 243 38
289 13 27
16 125 89
226 258 97
0 224 22
28 292 91
202 200 70
112 33 6
224 92 79
163 146 77
42 107 42
1 49 7
32 176 76
69 207 35
160 110 99
126 17 24
248 295 30
92 48 23
60 8 7
114 107 79
129 242 79
81 16 23
74 207 3
237 109 20
106 73 36
261 27 35
81 163 93
233 262 32
185 262 11
86 88 52
153 137 10
197 103 88
28 245 98
273 87 50
298 278 42
92 10 16
83 12 26
7 214 66
7 209 67
143 236 40
263 283 7
143 109 76
271 229 37
247 208 0
76 185 86
0 280 57
209 28 88
160 63 96
242 58 16
170 287 38
18 281 40
194 23 19
81 163 2
10 223 87
169 217 51
97 158 2
131 177 30
242 50 45
0 116 75
30 71 72
146 123 11
89 162 39
49 225 66
27 118 66
97 106 20
97 169 21
189 181 54
122 52 28
27 292 23
80 82 14
114 113 69
139 25 38
95 274 62
243 94 60
298 273 14
162 109 13
174 3 96
232 260 31
91 273 73
145 153 14
243 244 57
24 207 87
68 216 70
206 271 46
81 116 63
113 236 18
195 243 92
3 140 36
68 293 14
76 24 69
298 160 4
106 240 47
104 12 74
141 297 13
79 145 31
97 163 70
62 21 74
208 144 65
146 149 87
113 90 70
39 199 62
219 91 1
189 2 4
166 293 57
204 253 93
0 76 36
149 260 68
148 44 23
163 298 81
29 191 65
150 192 95
145 98 27
163 150 54
298 79 48
103 72 18
62 55 36
16 241 73
129 287 25
57 55 53
56 173 48
146 226 25
12 213 22
98 90 78
219 28 8
161 238 0
81 146 21
116 132 35
227 18 76
83 120 14
98 175 20
163 91 92
95 226 3
81 166 33
67 85 31
188 94 79
122 101 11
115 278 42
254 71 60
10 155 19
143 101 86
92 235 15
147 259 6
0 299 52
280 29 72
38 251 94
116 233 54
28 262 67
106 42 38
3 259 78
92 18 17
15 232 75
221 295 10
93 251 45
93 176 29
292 123 35
21 296 85
38 231 86
216 135 12
224 60 18
115 60 7
247 179 83
256 87 87
115 273 50
168 118 81
9 85 64
15 27 74
8 239 76
18 121 20
293 230 94
298 80 71
33 119 77
199 49 53
223 59 78
254 47 38
126 88 42
183 2 19
226 108 22
92 110 58
24 12 73
97 162 83
42 171 44
216 156 86
232 119 93
112 101 11
89 111 68
5 80 95
189 228 89
221 133 18
122 155 46
297 57 30
174 149 73
216 82 33
102 3 0
38 83 30
76 213 78
270 91 40
99 121 78
21 45 86
272 136 34
268 256 21
59 138 77
243 263 83
9 172 59
79 139 4
224 257 63
224 46 87
166 11 53
277 1 69
92 80 16
10 43 31
89 64 13
104 102 97
93 174 68
79 217 23
114 103 16
170 134 65
227 7 19
0 81 36
34 150 54
92 206 60
114 25 22
198 248 68
146 129 2
24 224 4
100 230 5
34 81 97
61 62 27
196 144 9
114 169 73
50 267 98
120 222 88
112 204 75
196 80 19
0 182 62
86 169 97
195 11 5
226 180 45
129 162 30
114 248 28
60 244 36
261 15 98
293 26 61
127 180 52
277 257 52
254 267 24
34 89 61
166 38 44
232 132 35
266 205 55
146 233 23
75 260 25
211 189 51
242 217 91
102 9 90
152 207 6
246 75 63
253 119 44
132 84 18
240 89 23
16 51 54
62 294 19
106 39 92
218 175 37
253 178 13
75 266 57
293 80 20
209 139 34
7 294 54
89 152 33
86 109 39
12 174 2
31 2 66
170 31 82
219 248 13
61 234 0
174 1 61
34 246 39
160 177 83
93 74 85
251 20 21
163 298 66
242 295 64
182 21 50
130 102 5
0 38 29
293 87 54
213 212 8
90 162 25
76 159 9
81 16 95
35 118 55
278 283 57
293 72 38
151 164 4
76 16 26
91 201 81
146 52 81
125 136 14
216 265 67
162 215 54
92 220 45
101 212 83
292 248 52
196 238 1
76 209 53
150 240 53
33 60 20
114 83 25
19 181 71
50 123 92
81 169 20
114 237 62
116 114 89
130 209 39
195 153 35
209 206 46
57 194 84
293 223 59
212 117 35
22 275 48
21 299 43
61 88 30
294 183 98
209 189 33
147 292 4
7 116 44
136 248 62
76 22 88
283 250 68
160 93 73
273 256 47
174 100 79
150 7 59
246 37 26
216 2 56
125 102 24
286 152 80
251 52 81
27 204 31
247 106 38
239 205 20
179 277 77
214 175 43
141 148 34
34 240 44
34 24 81
130 260 16
97 227 29
150 146 76
251 148 62
160 229 38
143 4 58
128 228 10
19 153 54
97 163 35
114 92 87
90 142 29
82 20 58
135 269 63
214 99 20
111 280 14
243 204 97
227 57 31
281 19 88
182 46 82
34 163 40
55 181 57
177 53 52
34 257 94
97 11 28
56 30 69
271 5 79
125 240 89
291 274 98
24 63 8
216 135 20
211 111 18
293 271 66
235 194 32
56 235 93
16 82 88
116 61 69
90 273 72
195 66 88
115 57 27
255 172 10
34 166 77
84 159 99
261 217 64
192 210 54
243 282 20
89 199 82
118 207 10
69 236 10
0 125 79
94 173 36
151 14 45
175 62 77
34 16 27
47 35 60
273 159 77
216 208 90
179 162 50
197 265 16
177 154 65
141 223 99
255 127 22
225 291 62
220 113 10
34 298 44
16 41 69
192 85 39
178 202 69
177 207 52
281 191 61
139 6 18
38 190 76
278 164 11
227 264 1
254 94 95
8 291 82
7 15 14
209 235 53
129 207 7
68 86 28
186 100 6
194 100 15
179 251 84
15 196 87
150 36 8
91 223 36
113 2 91
293 136 45
251 59 47
243 5 39
151 296 66
22 267 81
290 279 22
46 67 91
175 131 64
139 120 24
36 44 65
163 277 57
160 255 44
97 211 81
162 168 75
0 212 27
25 197 0
174 127 5
0 150 12
19 192 63
34 145 75
88 73 79
255 46 11
156 185 27
104 4 57
86 188 65
116 72 42
125 106 77
219 293 22
111 269 10
227 68 82
97 7 13
282 231 34
233 201 84
28 175 58
156 148 41
208 31 80
277 72 54
248 46 72
218 51 91
131 190 52
248 168 37
180 203 18
93 288 26
0 247 10
99 118 90
251 190 23
99 187 89
209 54 88
247 75 8
240 282 50
81 220 65
155 53 19
233 274 56
25 180 80
195 273 89
146 98 22
104 223 30
183 230 69
140 99 18
196 171 83
86 207 31
28 129 66
19 13 56
46 85 73
92 32 26
282 41 90
135 5 32
241 181 60
195 231 66
169 130 18
232 273 11
227 83 88
18 120 51
163 54 35
135 127 45
48 271 68
102 4 11
166 174 28
292 133 4
297 236 88
14 194 93
38 14 74
12 59 12
211 153 29
155 56 73
10 154 8
261 197 41
171 262 53
93 43 60
220 13 64
42 177 61
125 89 33
68 162 5
34 166 62
199 290 36
212 41 79
85 238 5
106 243 25
166 104 52
163 233 13
160 229 77
98 65 87
68 285 23
0 34 43
270 178 98
130 100 18
231 67 26
112 250 73
182 144 90
103 168 57
186 228 67
15 28 17
256 63 12
5 200 56
109 228 10
42 27 29
130 298 66
56 283 80
125 101 19
286 20 72
186 15 15
224 12 30
25 71 9
116 106 78
206 199 73
246 148 76
105 238 88
90 182 93
81 92 51
86 239 30
139 82 88
224 271 74
81 139 65
229 36 40
247 92 79
277 158 73
128 278 27
24 283 87
163 233 63
32 143 27
171 109 26
169 122 32
245 193 81
66 119 44
97 254 2
19 144 61
149 299 53
111 30 88
115 45 16
141 41 54
25 112 20
25 237 30
224 80 5
68 74 88
74 35 75
227 38 18
115 128 11
98 242 70
94 204 37
18 26 87
254 51 1
261 265 11
227 211 44
76 75 86
88 36 79
17 295 87
57 105 88
217 257 32
79 223 36
298 214 49
233 216 14
88 9 73
12 297 37
47 275 20
261 206 61
133 132 64
27 103 32
136 99 67
116 198 35
298 208 96
6 189 29
280 279 15
12 64 42
116 254 31
81 125 92
81 38 20
135 112 6
116 171 53
202 296 42
90 158 54
270 257 11
252 65 38
223 2 20
46 268 20
154 123 88
146 290 2
221 162 93
0 83 44
297 80 8
282 127 11
12 291 30
86 139 97
243 27 37
16 68 95
276 236 30
91 119 67
264 20 51
48 243 9
38 125 91
240 253 32
0 81 49
233 172 5
217 263 60
208 77 73
103 178 20
79 200 2
92 91 12
81 150 76
151 37 1
240 271 8
114 115 14
298 281 8
26 188 23
180 268 61
7 146 95
83 239 71
115 232 80
38 104 1
52 39 81
160 297 30
16 227 67
189 46 40
129 282 46
81 247 30
32 63 62
214 233 22
24 186 18
114 38 94
261 232 15
224 235 47
132 181 56
119 133 33
0 186 6
81 16 60
221 138 79
264 257 5
195 61 35
145 122 9
211 118 69
56 43 54
68 104 35
57 172 38
150 7 41
104 131 60
195 253 53
106 254 55
143 248 71
18 279 10
277 208 37
9 49 30
76 81 78
166 211 42
16 190 32
129 242 51
74 228 26
174 5 68
171 140 99
124 199 31
224 235 36
29 1 81
0 150 8
126 127 63
111 235 77
11 69 22
227 86 61
166 80 87
81 68 48
297 222 68
261 257 14
196 143 54
286 35 70
261 273 70
285 110 38
137 245 53
166 139 92
10 197 45
247 14 92
11 120 8
271 22 93
32 225 59
7 247 3
47 193 38
60 194 45
240 121 9
15 26 47
150 269 48
0 24 94
16 33 49
158 225 26
276 118 95
102 212 71
219 183 52
81 166 78
168 263 86
262 134 23
227 162 11
60 55 13
48 12 13
223 229 98
160 152 14
17 39 62
166 220 52
75 274 67
240 22 13
122 178 58
81 42 83
237 112 50
186 117 48
24 30 61
28 233 68
185 184 76
97 182 64
195 183 33
113 248 34
135 277 62
192 228 5
108 193 91
233 134 65
11 287 57
48 143 96
86 187 73
17 109 53
86 33 4
219 195 94
114 160 41
113 83 68
242 9 55
125 36 33
214 251 55
156 201 68
80 287 42
116 137 82
281 190 14
114 271 67
293 211 64
271 171 53
101 176 22
42 1 40
280 235 27
157 287 19
220 293 51
189 225 37
221 194 7
247 259 82
92 33 28
248 210 85
126 132 63
79 144 59
237 265 37
74 58 80
242 108 21
122 103 16
38 220 41
7 259 50
211 200 53
156 272 81
179 238 79
12 197 14
28 183 9
1 59 84
42 146 87
162 73 54
272 279 16
15 214 37
76 38 52
10 26 58
116 174 10
69 49 12
282 180 5
79 147 7
16 7 77
214 242 29
199 40 64
169 264 97
186 19 0
160 244 59
209 72 75
198 266 72
173 63 65
112 208 4
103 55 33
140 252 54
99 215 91
141 22 95
261 79 17
162 272 6
127 279 77
244 67 42
114 104 71
98 14 2
105 85 21
163 166 9
173 252 31
16 293 27
160 93 3
186 146 11
180 144 96
78 286 59
69 285 95
283 200 52
224 223 82
182 175 71
186 158 4
61 46 69
34 81 10
186 98 12
179 85 97
88 213 19
145 112 56
115 171 33
282 212 10
182 221 65
127 152 33
163 293 69
224 133 17
204 164 16
233 172 11
255 173 25
97 49 86
163 150 81
116 191 86
116 42 8
163 83 41
146 237 93
195 160 91
231 208 20
104 145 78
90 101 87
169 218 92
205 291 92
109 189 72
0 76 76
175 274 93
293 119 50
204 168 7
262 234 95
112 170 10
150 200 84
56 285 76
188 8 89
281 266 90
114 195 2
208 164 43
227 79 45
257 260 91
261 137 57
93 120 15
198 260 92
0 68 42
95 267 58
18 211 56
12 27 95
224 192 20
74 108 17
79 210 13
278 43 16
179 237 52
242 254 52
114 102 52
223 285 25
151 269 7
27 187 9
112 212 72
190 236 25
191 73 19
113 83 92
86 25 13
158 183 2
186 125 60
122 177 68
75 173 29
298 62 60
15 211 2
191 276 47
152 205 8
272 140 38
81 83 53
186 122 57
179 29 35
38 134 47
159 105 24
247 89 87
0 34 95
12 138 28
51 49 2
288 231 58
12 228 65
209 178 33
163 168 87
18 91 32
177 43 94
264 39 40
261 298 70
81 86 62
166 79 20
37 105 9
293 59 9
145 232 21
61 190 39
282 69 1
168 37 25
166 68 31
116 27 81
188 254 60
58 252 64
247 172 70
56 39 79
135 152 49
48 281 78
264 283 39
97 7 74
74 268 13
206 1 27
299 256 15
90 232 87
0 76 9
62 200 96
255 226 62
0 76 17
166 86 72
114 209 35
231 176 28
134 65 99
127 105 56
48 195 10
91 40 38
79 91 84
254 84 86
247 88 6
270 33 75
188 284 97
271 103 4
25 61 92
59 185 48
112 241 69
206 182 24
229 54 65
75 257 42
270 28 77
6 285 85
139 108 67
81 214 60
42 8 28
163 135 68
130 57 20
9 57 81
298 12 41
0 76 63
39 275 22
26 277 62
206 156 22
149 21 80
277 17 34
113 289 17
11 115 83
24 220 20
229 198 29
81 86 99
97 130 95
247 147 68
125 129 68
83 274 40
157 41 0
169 214 24
235 23 1
115 29 13
212 290 94
5 276 12
219 206 47
261 214 51
253 263 69
209 226 62
56 285 35
163 247 35
89 62 61
233 33 51
79 98 47
33 244 50
171 58 28
93 143 92
158 222 19
145 297 8
132 295 66
147 176 26
5 168 7
92 220 14
141 155 3
225 193 12
212 248 83
278 295 28
75 255 29
265 30 77
0 170 15
178 164 44
75 252 13
116 146 77
224 179 32
141 80 52
19 228 52
143 1 66
137 274 98
219 89 3
292 49 8
