500 5000
117 52 16
428 431 71
304 499 34
481 424 6
239 493 30
446 239 65
454 231 65
19 397 63
277 458 57
352 235 95
263 199 43
396 432 83
455 24 84
280 189 57
202 404 81
283 379 96
184 321 29
81 499 28
333 90 92
414 143 3
230 301 90
18 302 13
387 253 92
107 206 72
196 89 4
386 469 60
482 488 70
277 56 96
369 412 66
270 17 16
33 319 78
180 56 46
290 160 98
320 32 94
446 30 23
141 253 58
121 230 3
432 48 69
18 36 18
290 455 60
106 50 99
36 429 94
483 376 87
427 382 62
172 229 55
482 22 43
190 311 75
230 447 24
252 93 10
481 209 43
489 117 17
58 41 23
184 74 9
39 12 25
314 37 91
230 68 80
349 204 35
476 62 88
44 265 64
134 136 81
192 257 37
337 117 53
114 18 34
214 146 80
46 429 78
76 89 21
380 71 87
397 86 88
77 391 26
308 273 99
483 72 68
172 90 91
443 82 7
376 474 3
333 423 18
23 220 61
443 212 64
173 37 9
454 212 92
252 371 64
427 321 79
172 25 70
280 61 63
312 440 31
334 32 49
98 444 45
196 429 47
163 486 8
261 335 46
384 394 42
7 421 70
201 50 62
459 186 28
496 135 41
218 205 84
173 7 28
290 406 30
250 412 72
168 401 32
258 23 96
296 432 41
329 425 59
100 315 87
88 294 90
312 267 44
442 382 68
125 129 12
104 103 9
61 364 61
440 267 57
140 347 63
446 133 54
374 89 38
144 338 72
365 313 32
330 191 69
489 434 2
484 200 54
283 454 96
465 283 67
81 80 46
290 180 38
392 310 60
114 427 97
7 332 12
141 15 3
100 269 95
347 373 61
125 447 75
214 495 43
394 48 43
432 57 87
15 473 21
482 347 88
128 398 72
0 297 9
202 369 44
268 306 68
304 349 95
302 26 20
386 485 9
261 391 77
442 420 37
98 388 40
464 426 69
68 27 81
177 353 27
446 50 99
489 422 96
26 79 90
147 105 4
91 417 46
486 120 28
18 448 87
376 355 74
174 122 72
277 44 87
468 248 83
310 152 38
247 188 42
188 424 77
436 314 56
42 136 46
467 108 97
102 283 75
283 414 76
436 239 79
481 96 44
422 345 85
168 9 75
348 192 67
440 261 80
395 306 54
18 457 40
396 318 62
345 32 65
202 282 78
355 88 40
192 360 75
440 366 17
242 407 23
446 147 32
399 212 93
375 462 77
199 136 39
333 420 47
429 69 49
312 42 44
355 162 57
0 229 97
354 95 94
421 233 28
226 71 40
334 73 76
239 435 38
432 387 8
290 268 68
265 154 25
110 10 89
489 468 39
436 330 12
405 346 97
436 459 55
121 476 96
32 381 54
277 23 72
367 450 11
179 92 34
483 320 24
190 256 85
470 76 37
197 478 1
483 452 92
159 145 73
44 137 87
131 417 13
496 331 59
283 117 18
388 276 82
370 220 67
144 181 97
116 30 24
446 363 67
58 14 31
296 119 24
0 306 22
120 109 40
350 124 82
362 423 8
258 190 5
256 176 13
200 164 86
136 61 5
105 398 96
204 234 28
134 452 3
261 466 64
459 80 51
18 148 69
402 453 69
261 105 90
0 483 57
463 450 51
173 460 27
155 400 51
163 158 30
1 458 36
454 209 35
349 198 54
483 15 39
457 119 99
193 325 32
99 294 52
372 185 22
370 79 30
148 97 19
239 403 55
0 301 34
347 256 77
440 209 7
335 210 10
235 257 65
376 442 93
312 387 34
229 273 8
452 403 43
409 178 13
8 301 91
341 176 75
282 16 38
344 107 94
320 413 24
230 114 96
483 18 70
284 36 15
137 284 46
306 170 38
321 450 97
81 458 1
384 98 95
354 492 1
384 202 96
120 41 94
51 242 51
141 194 69
482 458 98
169 157 55
209 386 18
173 145 98
202 436 59
140 388 81
36 221 30
230 413 85
493 319 88
302 185 38
396 114 14
259 303 64
230 239 69
284 203 92
83 266 44
305 278 78
293 209 28
180 376 16
110 346 72
265 340 28
391 158 55
85 241 53
283 395 13
101 470 23
83 325 93
214 251 50
56 237 9
56 446 96
98 210 77
311 335 61
344 418 37
465 296 35
164 165 45
299 367 47
434 382 70
21 6 74
186 5 43
18 280 61
0 492 64
395 393 60
435 274 76
180 347 2
413 492 14
295 450 22
121 481 69
496 413 56
312 7 62
107 389 78
18 405 23
349 136 8
452 363 11
468 362 48
287 424 25
387 314 69
335 55 82
459 101 76
384 474 23
333 42 34
217 210 23
395 464 15
148 27 9
128 367 57
150 193 47
34 246 37
204 58 22
440 1 78
387 420 85
5 431 77
347 193 9
36 49 49
29 166 49
108 188 52
370 82 69
405 438 74
187 405 55
53 84 4
308 92 91
457 373 97
358 407 8
411 320 25
416 3 74
117 6 43
57 421 89
385 16 38
46 405 59
422 464 74
81 394 4
340 126 7
51 443 45
108 234 65
0 290 4
379 498 61
225 262 20
43 391 28
388 335 52
440 128 40
491 415 77
320 77 23
261 351 28
260 154 15
190 184 27
284 333 38
214 307 34
121 483 79
81 302 16
347 361 27
78 8 81
453 424 74
258 317 65
94 156 24
348 288 33
174 200 49
304 85 55
263 356 23
447 171 70
443 392 55
468 141 65
0 81 55
190 360 74
242 25 84
44 32 95
419 6 49
121 476 52
219 9 76
284 68 36
394 130 8
78 251 48
33 389 48
275 17 30
421 251 26
44 283 92
186 247 53
239 248 30
482 268 55
258 282 54
304 467 66
14 219 73
237 309 9
221 182 72
102 246 65
452 381 10
388 237 35
137 114 49
442 209 67
384 268 47
394 491 35
436 450 54
263 85 27
384 333 78
144 318 21
357 254 22
148 498 26
348 140 63
200 2 41
121 258 24
420 123 81
194 431 69
379 213 62
228 439 20
354 288 14
95 208 37
142 57 0
121 108 64
384 68 63
290 163 63
177 165 20
78 71 79
307 250 96
354 178 29
239 138 42
406 366 69
284 383 86
473 96 79
406 70 41
137 86 38
110 260 94
13 385 26
304 237 90
278 443 2
388 429 0
18 97 57
371 498 73
163 205 47
305 25 27
99 419 72
481 181 56
312 447 5
184 341 43
225 17 36
44 394 94
193 464 90
51 293 63
113 70 58
320 159 43
471 281 18
323 416 44
329 403 34
239 332 49
72 231 86
388 466 47
368 170 96
411 237 23
393 20 47
391 405 8
340 191 28
139 257 30
275 226 23
127 460 32
33 403 1
386 285 12
258 201 23
46 70 98
481 252 57
447 57 97
275 171 45
0 368 18
308 429 77
414 14 46
409 450 4
258 476 16
310 289 78
81 393 46
73 272 75
299 56 78
117 425 0
432 439 69
81 178 59
347 177 86
44 396 73
478 91 89
349 237 48
261 19 0
230 384 84
287 478 17
337 201 43
278 287 86
0 290 77
480 463 20
0 121 21
140 98 38
41 191 1
99 161 53
0 37 22
239 243 63
260 375 6
326 479 34
332 340 43
163 199 62
457 174 16
59 370 84
466 68 36
305 126 65
82 120 39
225 28 9
233 241 24
485 115 79
354 283 20
59 323 31
265 360 14
430 244 27
440 282 3
237 337 85
19 260 80
230 256 19
187 281 60
173 136 43
310 200 13
265 213 0
44 304 53
1 127 91
329 336 94
13 431 13
202 11 97
440 1 1
166 274 44
59 244 95
329 458 28
158 225 32
247 219 28
391 216 72
447 79 32
287 415 26
258 18 69
370 239 91
259 311 33
302 178 14
7 316 36
348 442 30
140 447 20
280 392 18
107 10 27
407 294 26
492 288 2
290 325 62
194 156 97
79 197 10
287 400 31
38 318 73
228 8 10
470 417 60
442 69 6
499 336 72
233 129 29
260 378 27
333 158 4
423 475 27
276 470 44
59 412 93
57 25 60
196 115 31
384 199 45
142 434 74
226 33 3
32 453 44
309 27 49
173 333 50
178 146 20
42 209 82
4 433 93
445 87 13
220 71 64
160 210 88
180 85 73
329 383 40
302 357 5
348 467 45
427 320 81
258 444 1
11 255 50
379 131 13
75 292 40
290 299 74
466 386 94
19 325 62
121 290 41
486 457 4
253 285 2
236 207 25
36 59 68
122 166 69
427 151 31
209 398 58
121 220 12
293 207 26
481 441 51
7 330 1
489 395 82
496 188 80
258 81 7
121 354 97
29 94 56
23 11 80
345 389 34
180 299 80
401 475 66
272 469 33
374 152 72
296 496 24
457 420 26
431 74 21
180 242 7
23 138 3
200 479 1
391 6 23
267 493 76
436 411 72
0 121 68
258 59 70
457 51 21
66 212 10
51 410 26
402 311 36
351 115 44
307 430 46
190 480 8
78 188 91
364 288 68
173 414 48
49 103 53
98 239 2
135 231 17
455 42 3
394 186 89
199 168 90
18 198 72
455 125 40
248 43 23
98 216 12
128 41 81
118 129 69
207 425 68
244 206 66
175 96 31
110 497 5
230 312 16
483 209 4
262 69 79
239 453 5
313 233 92
275 216 27
468 434 22
328 6 52
254 426 84
457 439 70
186 356 5
455 351 15
306 14 16
363 223 38
151 315 38
230 18 53
162 27 46
216 171 65
440 46 4
160 338 4
393 456 53
44 104 21
230 476 72
465 376 45
458 269 30
468 280 30
406 23 1
230 274 77
141 219 4
105 295 16
444 373 88
440 488 84
480 399 13
56 477 87
432 23 28
345 227 46
296 237 52
320 256 68
460 227 69
237 278 4
261 294 8
68 257 94
260 2 75
442 173 27
334 445 45
32 30 55
268 61 43
64 198 65
194 50 55
427 333 79
169 371 46
230 483 78
19 219 28
70 97 75
442 309 99
306 243 16
383 189 27
248 424 93
455 114 36
280 49 73
491 272 63
489 237 61
319 10 36
256 375 0
404 30 96
142 287 54
20 274 88
137 376 88
351 53 83
173 292 52
105 450 34
354 108 89
302 304 71
453 339 95
290 483 58
18 370 17
351 344 63
121 290 20
140 37 78
203 243 98
1 227 4
107 200 69
440 135 53
12 212 16
12 153 71
411 39 62
267 72 36
442 239 37
309 377 42
493 479 84
140 420 83
277 142 80
481 415 87
283 285 90
299 300 43
7 46 55
225 416 71
476 81 48
225 444 61
42 63 6
72 452 68
282 377 93
4 404 25
332 143 67
136 412 95
141 27 58
486 394 35
13 490 31
388 51 41
177 328 14
194 426 90
393 171 47
302 382 29
68 405 73
121 383 47
332 153 45
346 84 14
277 425 66
296 8 10
185 156 91
455 135 56
277 387 89
236 253 67
394 111 90
45 329 70
118 322 30
417 426 89
179 266 79
208 250 77
489 2 40
226 188 55
354 267 57
413 364 13
491 176 51
468 394 99
335 240 22
486 442 95
268 141 26
340 110 9
239 58 63
114 117 48
230 180 19
366 487 38
148 48 30
422 125 93
147 206 99
45 367 55
0 121 28
365 184 59
278 118 63
0 327 23
261 136 4
225 426 29
128 366 33
84 243 1
233 401 47
329 308 82
465 173 75
457 368 66
18 482 23
142 354 54
221 63 45
431 400 41
202 39 67
467 119 63
218 74 73
123 176 42
474 441 37
363 244 2
72 285 56
160 417 17
446 213 22
283 365 91
476 427 82
448 381 90
4 112 41
164 266 51
77 293 89
436 150 80
95 460 95
290 271 61
459 263 63
68 20 22
369 413 52
414 62 64
259 144 13
0 121 93
237 103 49
42 431 48
405 456 73
137 147 54
416 154 90
476 81 35
252 189 18
113 386 63
1 183 28
121 259 61
296 420 85
305 329 40
387 345 2
434 48 95
194 11 49
476 468 95
470 175 60
345 197 15
163 497 86
30 254 40
186 314 62
457 333 46
248 233 88
0 300 31
388 108 88
163 396 75
61 310 3
56 270 38
482 108 58
452 171 3
337 191 44
277 466 58
476 468 88
446 496 16
384 114 53
196 318 63
445 127 24
204 106 99
476 222 66
190 187 93
158 58 1
296 437 24
290 277 95
245 96 30
121 98 90
239 68 3
299 35 42
42 118 68
464 22 4
376 77 91
348 481 25
121 403 60
458 490 67
428 210 71
36 159 27
320 488 53
468 101 57
180 354 8
217 477 47
282 187 79
80 128 82
387 2 33
354 334 25
347 220 97
308 250 34
39 143 80
4 447 29
77 124 46
197 271 47
248 30 5
141 94 67
171 67 42
370 328 44
162 449 86
140 359 41
117 37 5
222 73 77
353 417 79
436 270 85
87 65 81
486 485 46
402 337 8
158 287 34
489 7 2
327 453 26
44 176 81
459 343 8
198 342 2
361 279 33
420 3 52
225 68 5
125 245 65
428 181 69
276 358 18
334 219 22
230 114 30
121 141 63
237 323 54
261 400 19
190 439 66
251 120 28
18 268 97
442 354 79
305 148 30
4 324 8
204 141 53
178 53 78
254 211 59
468 18 35
350 378 0
264 449 13
394 64 88
305 136 67
111 55 28
354 264 50
371 232 5
1 346 71
261 263 9
0 305 8
296 313 84
290 230 32
80 172 83
375 31 22
299 371 90
411 37 51
23 138 0
260 303 61
434 409 24
351 279 33
367 41 61
284 276 1
455 298 40
51 151 19
201 473 63
476 360 42
98 457 48
358 328 72
341 144 85
451 167 15
499 158 64
452 208 95
72 492 2
403 240 4
351 380 80
305 427 17
435 97 59
161 12 5
439 89 71
85 53 43
337 430 80
98 411 15
347 317 26
43 301 36
349 82 16
302 326 17
230 354 46
349 402 88
420 394 69
237 149 79
387 300 34
36 80 97
326 454 32
481 369 73
88 431 72
173 36 33
476 135 78
413 52 89
239 154 51
385 62 66
108 364 55
98 296 30
383 65 26
134 493 65
358 475 53
88 400 64
163 162 55
163 99 59
476 18 69
422 229 52
81 342 11
268 263 42
81 63 47
44 489 40
113 60 99
410 363 44
481 499 28
122 249 30
230 305 14
234 89 29
207 407 19
352 28 96
128 57 30
429 117 48
440 88 11
18 465 96
258 305 44
476 312 61
76 100 97
36 207 36
409 322 16
229 412 97
349 141 83
180 127 46
278 116 6
482 312 24
370 357 31
460 30 0
180 347 34
97 464 29
113 479 75
31 143 46
393 96 36
138 195 94
157 297 10
488 75 61
284 236 59
305 225 19
248 77 49
234 310 83
365 220 74
4 460 71
385 262 63
29 357 93
409 466 37
345 40 93
82 164 26
275 273 77
366 344 67
236 225 57
442 184 82
442 257 83
396 482 77
296 32 92
39 334 38
198 133 68
1 203 66
280 157 45
138 71 77
18 125 82
434 491 62
421 469 23
142 347 40
359 73 12
106 471 99
88 317 35
121 258 76
476 284 91
161 133 88
429 315 94
192 72 50
267 302 8
422 260 39
333 35 15
436 59 76
493 423 99
7 479 94
163 455 29
348 442 77
23 28 89
432 179 86
114 169 51
391 460 30
341 271 13
128 32 57
336 244 65
75 2 76
137 122 95
233 254 10
388 155 21
458 298 63
420 315 84
457 61 15
382 104 11
299 101 19
352 430 44
209 324 33
422 460 53
1 454 18
283 363 14
230 163 82
400 254 92
453 159 94
341 429 89
466 313 86
486 349 93
235 109 6
98 83 21
77 456 10
125 298 82
36 341 66
280 43 40
284 64 65
468 309 71
348 136 65
312 355 57
132 211 58
440 268 48
169 194 45
465 355 62
290 230 12
320 178 98
0 121 56
348 170 40
177 367 65
77 83 19
455 396 62
45 441 59
441 17 86
485 379 93
43 444 19
440 158 26
18 112 39
110 423 97
230 277 16
483 448 46
121 165 27
118 176 8
121 446 89
245 63 13
2 103 81
82 314 37
469 315 29
239 150 6
290 473 78
340 473 82
108 157 8
379 418 71
44 453 22
0 121 99
58 464 99
347 232 58
95 414 22
168 32 42
345 166 15
186 410 40
49 203 76
233 131 23
202 208 52
77 270 55
236 17 4
311 265 18
483 102 51
128 364 93
388 8 75
296 252 84
388 373 75
440 373 19
345 439 73
301 416 92
327 325 46
384 18 21
53 405 24
202 296 57
395 257 14
207 41 23
440 51 47
24 131 53
98 268 30
411 252 37
396 457 21
0 199 19
169 379 21
4 187 57
481 159 4
136 390 42
158 166 0
328 182 86
92 206 8
32 438 42
487 419 50
140 254 58
305 486 32
179 484 94
387 166 41
233 393 84
324 286 40
169 135 19
270 68 22
104 30 45
320 329 30
136 471 62
306 461 70
141 276 70
252 374 2
114 98 57
461 5 11
186 276 10
471 112 20
493 492 73
180 432 48
82 485 17
50 170 72
384 157 94
396 137 1
145 3 32
439 116 49
245 165 64
226 385 49
395 33 85
121 180 2
267 409 12
323 262 72
158 323 15
304 87 41
101 433 5
327 267 33
228 75 26
388 430 25
344 319 80
18 376 78
305 442 67
160 375 10
486 416 26
164 462 64
489 51 57
91 353 51
226 461 96
284 108 17
36 456 95
282 224 44
347 72 98
329 8 64
173 293 72
242 318 80
486 102 42
225 418 66
226 94 96
284 252 54
486 370 95
96 156 75
46 115 27
414 389 90
282 23 39
306 175 30
105 210 78
277 305 32
121 98 53
39 226 33
290 348 55
459 160 10
51 420 54
457 105 33
366 157 19
212 156 85
163 483 30
120 66 86
261 459 94
99 212 39
365 208 69
272 450 0
220 127 49
174 395 51
135 189 5
496 99 97
44 399 9
107 223 98
95 266 74
290 312 93
258 101 63
135 198 63
208 321 74
432 323 15
434 387 67
499 357 12
246 462 58
465 351 81
384 282 50
146 357 28
172 326 7
263 444 34
302 15 22
481 249 40
56 9 29
123 297 61
61 429 71
327 52 74
446 95 23
0 43 16
121 432 69
121 230 35
333 474 81
23 70 64
468 59 69
334 84 58
136 361 27
137 214 5
193 458 51
57 319 76
459 28 35
56 397 42
427 43 23
434 35 8
444 6 49
14 412 98
309 146 96
42 447 8
305 180 72
484 19 91
0 121 96
192 199 65
125 216 58
199 101 85
236 162 21
389 232 6
51 421 92
483 394 78
130 314 98
370 419 41
446 78 36
87 201 26
367 485 71
377 424 83
455 489 54
379 310 80
225 291 46
212 97 73
354 154 37
481 149 85
144 109 32
387 480 72
26 303 62
306 162 93
391 470 21
290 230 11
468 488 28
98 421 1
29 369 44
460 151 47
220 443 77
168 129 44
246 357 36
294 84 11
293 381 75
484 367 47
446 109 25
376 481 23
147 79 98
18 6 35
493 394 4
72 198 11
259 395 23
107 86 12
258 278 86
148 266 24
130 89 16
482 225 23
236 306 96
458 264 28
44 347 29
277 354 96
51 41 52
142 283 77
201 464 36
367 93 11
198 390 78
432 293 39
376 422 95
7 405 6
104 217 8
376 133 49
247 170 61
236 441 9
196 390 23
493 151 76
44 223 76
75 206 74
256 251 32
163 55 34
459 173 88
483 169 32
349 382 26
80 344 24
427 267 38
28 298 93
32 273 32
7 232 99
327 432 30
312 57 63
481 141 17
355 119 54
267 209 74
203 47 58
172 93 3
270 477 82
18 332 93
308 496 80
122 210 96
56 467 1
333 306 64
384 56 61
358 433 26
254 167 42
282 270 96
81 284 3
80 21 32
486 345 61
406 176 73
207 87 55
125 498 96
278 225 53
181 154 10
149 238 79
481 327 29
168 276 77
193 19 90
33 431 68
369 404 83
354 347 47
163 173 86
177 20 24
114 199 34
16 25 61
0 258 14
155 233 23
136 247 75
306 297 94
334 178 26
481 327 95
362 177 68
349 264 44
410 82 19
429 321 36
36 268 13
114 429 29
270 443 66
341 129 30
455 283 51
128 366 11
434 46 90
466 37 95
50 206 21
118 464 87
383 215 41
488 295 39
461 243 9
394 213 41
36 169 49
258 174 45
1 325 55
147 496 47
23 306 39
360 3 94
138 353 17
237 344 84
280 278 54
290 236 93
465 39 19
152 317 21
377 219 52
286 71 86
465 482 32
388 196 48
337 177 74
476 197 67
396 496 76
442 51 97
78 105 55
136 90 19
366 367 56
218 356 34
173 65 20
73 360 60
476 196 9
422 145 30
230 400 24
142 168 64
392 343 71
376 299 70
488 359 37
313 369 18
230 258 26
127 487 16
333 13 87
447 279 24
304 29 67
97 415 31
458 317 43
177 97 99
447 89 64
69 253 1
34 341 84
128 390 79
121 209 4
80 224 75
18 482 94
366 183 80
68 157 19
492 253 34
436 10 87
44 268 97
277 351 48
446 12 98
54 325 68
376 216 85
404 463 61
434 474 92
239 219 47
35 23 9
459 263 7
349 406 88
76 97 87
192 23 96
420 351 97
482 20 10
468 45 11
366 89 25
98 225 25
468 81 72
239 490 28
32 209 74
499 48 65
220 369 72
280 77 41
461 451 96
256 247 78
483 60 90
162 117 17
396 267 48
275 352 76
147 111 27
145 22 21
90 197 1
329 222 24
159 54 56
220 29 4
441 14 1
280 202 88
184 128 78
142 236 72
466 408 3
140 457 3
8 127 71
384 252 40
427 248 57
230 476 64
272 185 28
202 29 78
137 150 90
284 207 12
207 124 55
277 36 17
486 268 57
466 294 31
125 445 83
370 24 60
432 493 49
76 123 7
284 488 17
277 180 6
293 350 67
153 415 13
284 235 15
147 467 66
260 223 69
168 155 90
284 428 42
337 326 62
476 457 38
35 108 7
92 103 80
490 462 42
446 382 93
117 16 10
30 449 93
433 380 7
80 190 94
358 191 99
137 365 6
204 229 42
280 104 21
47 156 94
455 396 64
489 422 73
87 67 11
271 67 44
236 327 39
172 29 27
496 336 76
277 302 7
476 280 25
173 59 32
120 417 17
443 197 60
373 132 52
209 250 55
190 416 8
137 381 72
98 187 58
432 283 87
173 453 82
327 125 13
324 111 14
18 327 5
35 32 48
280 69 79
446 191 71
81 137 76
45 11 44
290 11 83
377 285 80
468 284 62
396 98 94
476 434 48
99 451 8
465 45 85
482 274 63
112 170 6
0 163 68
4 154 84
161 399 62
278 168 41
241 279 26
312 209 12
142 259 51
436 51 42
474 225 53
422 105 78
445 439 74
434 320 43
120 235 82
397 52 73
355 172 0
431 328 65
216 126 98
476 4 22
493 414 2
395 34 77
95 65 35
395 27 81
442 196 56
36 499 62
173 236 66
459 437 97
422 359 76
242 241 82
376 280 8
308 188 57
491 353 72
407 22 22
273 313 60
422 443 46
174 367 14
481 275 67
57 145 77
365 456 9
14 223 56
137 288 61
407 97 64
386 357 4
44 194 34
147 71 51
113 392 39
146 234 47
423 243 67
486 351 52
483 305 87
376 193 81
431 281 2
393 50 19
18 26 80
422 304 7
396 30 55
440 58 29
348 42 4
174 300 20
111 205 32
327 353 37
226 82 74
249 96 82
402 334 32
446 192 69
446 391 40
196 229 84
468 486 14
468 481 56
137 366 65
420 377 93
355 228 82
18 436 21
455 192 28
488 381 30
248 112 12
468 129 90
457 85 48
44 422 43
0 121 96
163 483 83
300 8 18
329 431 76
92 339 68
396 468 20
143 124 87
104 113 75
41 55 40
204 363 72
41 208 49
429 84 44
95 473 20
440 259 65
349 248 39
180 376 90
441 113 1
105 120 60
341 145 37
248 128 55
95 194 36
459 432 96
59 134 2
465 417 90
396 403 38
214 171 85
225 110 13
173 33 77
465 179 94
334 33 63
193 123 84
26 453 41
130 217 63
258 277 58
26 471 71
284 2 36
465 434 52
388 75 73
101 215 22
228 292 47
476 486 18
284 4 18
89 241 41
249 241 75
344 404 83
320 106 98
409 463 55
341 367 79
121 169 13
51 102 24
480 17 82
407 257 0
4 389 63
283 252 58
270 335 63
121 230 20
43 365 66
180 273 81
481 382 16
223 206 63
196 469 87
312 359 55
155 11 62
1 68 30
310 84 69
395 198 11
288 469 96
340 115 84
327 304 4
384 484 55
482 173 74
420 293 6
125 406 75
186 265 44
485 215 12
45 160 99
46 58 27
187 340 48
102 283 19
130 385 84
198 464 38
429 433 34
384 360 44
307 375 60
184 100 17
57 10 34
204 126 3
80 337 34
465 150 88
202 387 93
387 279 94
61 128 51
197 338 1
478 408 51
217 16 76
220 22 58
142 77 41
218 297 49
121 302 55
293 289 75
226 389 95
291 211 99
186 264 2
344 243 37
123 103 53
98 120 78
44 114 26
486 56 43
442 414 83
342 21 92
349 88 13
179 263 0
427 494 96
217 151 82
277 112 14
188 171 40
315 426 66
107 346 97
355 129 20
314 418 17
355 178 53
422 285 16
468 219 38
90 241 84
172 129 52
129 111 66
347 488 59
290 230 98
349 250 66
424 120 47
136 428 37
447 291 79
259 54 14
427 481 9
455 376 7
444 271 90
476 44 55
192 139 17
147 293 39
8 324 34
468 98 49
439 319 57
158 291 2
263 148 24
453 2 42
239 43 61
391 366 32
11 2 39
380 331 49
429 75 77
299 320 53
174 139 46
59 19 13
432 183 56
436 332 77
259 248 64
386 417 0
230 188 96
91 285 46
163 282 60
427 446 78
442 146 0
157 155 67
349 336 9
373 240 77
310 74 63
471 69 27
230 172 59
216 151 45
365 274 71
362 70 16
327 355 46
391 242 81
277 179 6
455 427 59
230 39 69
72 362 74
440 406 18
187 469 57
218 392 52
411 128 90
377 342 19
220 6 67
162 288 34
486 87 78
219 408 75
436 333 14
152 266 22
24 472 73
11 175 82
290 230 76
179 474 5
489 239 70
414 29 77
313 253 15
312 220 25
333 12 75
217 392 83
320 181 3
304 72 69
163 483 5
354 446 71
381 241 7
432 345 24
455 18 10
213 328 49
186 286 77
352 188 65
252 97 88
135 60 98
459 19 11
489 184 1
1 136 66
280 372 19
190 494 96
326 358 26
220 178 82
290 258 50
455 333 11
258 411 48
80 304 9
80 349 10
384 376 83
98 196 41
388 45 20
453 403 8
121 258 31
209 188 91
35 433 48
384 56 42
345 233 85
261 117 70
395 325 26
271 208 16
328 497 44
121 192 75
276 10 88
260 255 87
174 13 8
130 220 71
61 366 41
1 127 68
297 232 25
481 354 22
388 128 49
499 19 68
489 173 57
148 498 16
387 61 18
85 391 35
87 264 11
424 16 54
199 362 41
34 375 44
484 147 49
280 23 45
396 228 4
374 462 7
248 385 68
174 95 9
290 356 41
63 20 18
77 38 65
366 87 92
186 386 65
299 282 80
0 483 84
196 270 52
402 128 0
465 467 50
174 382 89
339 40 0
420 306 20
106 89 61
290 384 87
490 123 19
396 478 46
486 414 28
366 94 89
284 265 96
440 485 59
407 235 12
174 408 2
318 253 4
231 63 95
482 430 4
445 372 69
290 458 94
481 454 15
327 225 4
471 122 11
122 285 3
258 474 94
290 230 68
203 472 51
376 354 55
238 48 8
190 300 80
335 22 16
427 74 13
267 491 2
290 491 45
59 135 98
248 122 15
277 308 28
312 491 25
493 350 51
43 329 96
242 57 55
265 260 63
320 55 22
226 198 75
261 301 67
354 190 97
246 346 94
41 94 33
272 241 70
395 379 54
196 319 59
237 144 1
402 448 50
285 381 24
391 471 67
228 33 26
376 214 39
290 258 30
427 458 7
459 111 46
302 321 75
121 51 2
440 272 85
106 245 61
261 253 13
446 329 88
113 313 85
75 37 36
59 251 27
237 61 89
334 144 1
157 28 64
248 174 18
64 215 50
85 92 57
486 215 57
305 122 37
379 152 80
376 378 55
363 9 21
230 134 71
174 69 53
0 457 58
446 136 91
95 479 9
459 363 14
78 38 46
359 214 80
481 301 74
352 386 97
227 449 9
440 410 2
376 434 22
108 103 59
246 346 57
265 336 33
209 240 1
352 416 19
108 293 4
18 5 30
253 208 10
105 52 20
44 422 68
268 452 39
141 450 35
34 186 52
369 397 37
90 110 39
184 72 66
51 88 26
133 389 1
311 470 47
69 109 35
140 202 55
244 417 56
225 93 61
284 347 23
11 415 54
265 183 33
440 302 93
384 288 41
483 261 16
431 110 8
284 27 66
460 316 60
408 20 65
19 122 4
355 272 74
81 424 69
95 14 36
184 164 20
35 77 87
207 495 94
173 293 6
149 205 91
466 13 35
384 210 42
225 338 85
121 290 80
19 205 97
44 236 90
422 374 9
268 463 53
434 493 49
121 280 87
50 475 89
8 256 3
434 269 49
376 340 69
193 72 71
0 242 77
114 376 34
370 110 48
0 121 89
490 132 60
334 234 2
442 440 28
223 286 96
290 206 52
436 428 93
427 322 12
376 202 95
388 461 74
279 472 36
376 282 35
214 164 97
483 368 72
78 414 37
376 453 31
35 260 56
61 383 60
482 130 44
277 180 23
184 418 23
406 248 77
312 162 15
159 356 73
306 385 33
459 333 73
137 304 61
114 171 19
342 438 36
239 46 2
305 174 8
146 47 53
252 188 11
305 173 47
455 476 90
373 244 56
493 120 92
220 5 11
388 36 68
354 31 59
487 175 21
62 182 28
13 310 12
468 312 85
281 189 68
273 76 12
239 306 16
333 177 76
327 363 15
325 401 42
407 183 71
205 419 36
459 432 38
35 79 87
23 91 94
414 149 45
201 322 47
388 223 32
23 164 52
467 365 9
376 51 45
397 328 83
327 309 89
139 418 25
494 262 74
179 495 59
56 291 19
150 5 74
46 488 88
476 229 67
236 199 86
302 397 54
45 402 73
225 408 90
0 4 70
430 380 40
242 105 97
280 267 52
268 334 46
59 311 74
199 363 49
388 97 28
348 407 39
422 364 29
216 128 10
44 261 59
192 431 82
370 432 40
493 487 44
174 100 15
440 276 36
349 64 48
349 151 60
169 186 2
65 48 1
357 477 78
304 218 82
436 83 97
280 443 42
465 333 31
424 231 95
432 159 49
492 37 19
230 483 95
458 214 47
277 18 51
248 256 37
302 204 91
342 67 0
18 98 6
381 449 13
280 300 72
268 70 2
494 91 5
439 470 90
258 327 69
277 299 1
42 344 52
296 304 3
365 449 85
137 174 37
423 227 63
333 485 95
258 395 96
336 342 66
36 117 5
453 231 38
78 47 11
439 165 84
312 4 63
163 483 56
305 457 58
275 245 41
306 358 41
498 94 86
130 461 58
275 170 26
39 235 80
373 175 64
7 412 69
225 381 65
80 33 32
237 342 77
367 107 26
75 156 57
16 31 71
347 372 15
332 55 13
432 102 79
299 220 19
302 117 77
36 213 89
61 2 33
349 313 77
453 246 83
23 72 15
311 224 49
436 284 2
111 479 38
150 351 83
258 483 50
64 400 10
387 49 37
457 237 83
348 389 10
447 79 78
270 62 45
158 60 46
366 390 69
171 21 57
360 154 5
72 206 60
0 290 1
476 384 19
395 172 67
436 312 69
18 72 56
95 450 89
58 138 76
98 236 10
20 331 75
260 450 39
410 16 36
282 439 69
248 392 32
190 454 35
361 231 83
280 22 84
332 78 56
15 138 78
179 73 81
101 421 88
69 324 39
393 317 96
305 384 49
434 395 20
43 365 2
142 108 23
348 34 86
296 433 67
483 420 77
299 388 60
460 96 27
199 493 20
382 466 56
237 78 14
234 198 29
121 396 21
66 115 16
119 3 16
230 455 63
290 348 50
190 291 21
199 52 29
150 332 41
237 201 84
214 70 26
496 148 91
368 472 97
259 333 21
4 106 89
278 127 10
348 102 57
173 480 18
127 371 59
193 478 96
348 280 90
348 155 34
466 262 7
32 203 21
384 159 96
465 147 28
23 297 30
395 229 41
87 160 11
75 217 18
190 108 89
35 242 59
252 99 69
56 452 49
146 438 96
362 107 79
0 121 46
207 118 57
486 484 84
114 236 26
149 151 70
34 301 90
61 219 97
142 417 99
427 280 8
476 199 33
137 354 16
427 484 74
311 223 68
224 372 79
457 56 35
78 189 57
37 52 24
180 312 58
481 197 88
263 445 91
411 263 3
476 140 41
77 409 28
0 348 84
424 200 75
481 479 50
129 397 36
13 162 49
214 227 39
429 175 3
5 205 72
101 323 19
81 447 5
173 242 0
434 306 69
354 193 57
476 345 95
199 276 75
312 141 17
394 353 37
482 247 69
261 108 75
61 22 30
461 456 7
355 181 79
312 75 76
468 4 74
92 139 55
354 173 35
457 307 77
82 400 4
466 223 6
345 104 91
483 180 39
299 267 85
196 306 47
198 322 61
439 214 41
352 480 22
136 340 37
323 438 77
440 142 21
388 61 44
110 404 11
300 497 52
226 100 37
366 205 11
214 76 99
342 243 55
23 341 62
422 169 22
192 161 86
304 411 37
273 58 41
387 75 19
387 272 77
326 12 79
1 199 12
294 451 32
121 61 66
142 23 17
180 172 69
46 357 15
481 330 3
327 349 23
440 424 92
226 166 72
477 189 48
427 267 13
18 365 57
129 448 80
311 339 82
442 427 88
455 327 70
494 331 77
459 149 71
290 305 81
307 208 53
128 350 55
5 238 86
351 120 41
4 245 69
357 93 80
119 417 0
489 38 9
137 362 22
0 277 37
159 379 7
64 198 47
402 168 43
258 32 47
134 91 77
396 110 59
348 134 5
95 101 89
484 444 65
282 84 74
396 120 56
0 18 16
480 197 5
421 76 57
354 75 84
158 159 27
118 110 70
402 60 42
331 479 6
13 223 71
278 334 92
144 194 33
326 386 47
56 35 64
104 38 21
273 471 23
0 290 19
15 133 23
134 151 69
476 180 58
202 337 22
72 218 97
127 371 43
406 488 73
301 194 88
392 403 90
427 142 68
98 228 15
258 489 39
80 27 73
363 425 43
180 422 76
16 477 35
354 171 46
39 172 94
158 253 49
361 30 21
291 243 48
278 408 27
155 79 98
220 270 25
59 148 23
296 133 64
268 406 22
410 209 40
333 351 26
121 43 57
44 283 71
482 387 30
305 366 2
370 174 73
334 148 70
396 128 67
192 326 12
44 348 71
0 121 74
98 448 37
349 43 0
280 312 67
468 85 35
148 232 25
77 300 57
193 144 10
245 84 2
161 331 0
334 453 1
277 117 13
29 213 13
110 399 38
73 331 23
261 283 2
486 22 46
446 445 98
236 340 89
164 389 82
130 79 65
44 114 74
476 462 95
498 240 91
409 346 34
0 481 5
98 103 80
78 407 37
281 60 37
56 174 45
129 378 87
42 346 32
489 446 7
166 65 47
394 350 84
410 207 57
18 40 79
447 57 38
56 177 30
34 110 70
12 123 93
441 217 32
58 407 32
192 264 15
14 63 98
406 229 13
121 44 10
218 491 10
348 354 19
18 142 65
304 186 30
158 9 67
278 231 18
306 106 77
282 109 13
396 18 50
239 395 42
489 81 28
98 45 96
231 205 16
179 394 86
236 2 39
0 446 42
194 250 85
39 91 61
166 149 16
290 70 23
12 288 49
441 222 92
219 462 98
125 346 6
390 213 43
474 118 19
466 352 31
239 209 22
402 467 47
327 158 6
394 70 66
306 301 80
483 130 22
282 173 64
445 127 79
313 375 45
387 229 81
391 359 61
436 365 74
440 331 75
386 247 31
427 308 34
184 200 41
139 254 80
28 287 53
158 412 46
474 11 64
442 306 71
35 397 52
354 381 80
293 149 18
439 279 43
192 326 1
282 5 87
282 311 23
386 310 51
305 215 46
0 180 58
312 69 58
421 212 17
314 65 13
8 270 67
64 67 78
0 163 50
214 266 47
107 398 21
404 6 12
44 5 28
347 313 7
483 455 64
176 297 83
443 11 51
394 215 54
190 373 79
436 66 10
155 374 25
35 391 5
236 446 66
202 150 54
181 176 69
402 336 56
197 153 46
34 97 88
462 167 80
173 313 45
254 266 28
281 73 39
349 411 18
51 365 40
454 128 5
403 103 33
177 361 54
482 299 86
44 420 27
98 234 58
481 459 46
320 216 2
446 485 49
406 168 24
273 443 30
258 142 59
211 6 60
207 27 80
334 303 73
440 250 62
457 240 12
78 34 80
154 48 66
271 417 35
121 396 34
443 156 65
259 269 46
329 498 69
130 419 66
173 253 11
467 165 77
192 347 19
98 453 18
163 348 9
11 210 93
406 207 16
302 179 67
172 168 7
440 377 90
326 315 63
290 212 61
468 34 66
98 127 49
248 250 68
56 45 69
44 331 73
326 65 61
232 71 78
61 478 68
222 206 10
277 404 91
444 5 72
436 296 62
72 416 17
299 420 20
147 329 12
192 176 68
428 24 47
370 237 21
7 382 26
455 114 53
304 118 68
81 233 66
384 44 33
1 204 70
485 460 55
230 457 69
458 444 43
261 190 91
452 340 55
1 87 57
98 268 47
39 301 74
337 128 67
337 141 24
455 420 64
284 35 8
432 424 31
199 166 66
202 477 63
64 367 75
362 135 61
140 374 3
347 7 51
427 418 38
70 460 78
444 182 50
209 17 59
142 221 29
457 187 49
355 301 69
351 247 77
24 450 55
376 427 72
327 370 21
252 291 29
384 489 55
236 402 20
199 342 67
251 9 58
482 120 82
499 298 96
180 327 54
484 57 5
112 76 13
304 196 13
11 425 94
413 479 26
458 343 92
192 404 93
327 122 84
288 472 87
284 237 62
261 466 39
237 147 64
199 241 9
237 479 83
387 112 59
483 155 31
277 305 41
258 28 13
405 97 60
395 409 44
482 156 64
136 151 19
228 46 4
208 331 49
183 165 28
229 386 73
384 348 78
121 163 65
172 75 38
321 264 73
277 44 30
180 427 90
307 10 42
354 233 31
494 271 24
391 443 3
230 258 95
42 474 70
486 459 9
482 26 34
326 182 36
348 134 88
369 371 39
155 473 97
476 305 61
122 38 87
130 413 33
236 493 33
155 315 40
92 473 84
218 314 3
164 62 9
348 155 12
457 78 36
117 164 2
373 106 61
299 201 73
383 298 54
450 266 22
140 376 31
359 13 20
422 117 22
122 464 81
454 294 36
280 173 15
457 482 40
485 325 59
0 150 8
364 182 8
258 307 19
45 473 5
140 120 26
239 409 61
244 412 82
28 491 0
355 383 1
383 346 42
158 216 24
216 291 25
282 103 30
207 55 53
284 337 28
252 480 26
0 121 43
202 49 10
385 323 89
192 168 2
65 143 28
486 348 86
59 80 34
379 40 73
395 5 93
499 148 25
434 265 47
258 137 22
0 158 69
452 106 45
163 376 50
213 52 23
354 57 30
173 434 65
332 417 16
427 268 9
185 495 78
482 311 70
290 77 71
173 434 10
60 109 61
396 151 25
18 442 7
466 423 35
355 133 75
329 153 15
291 63 92
402 48 74
184 366 6
23 169 60
242 335 99
363 20 52
218 425 2
382 88 84
468 259 33
447 453 93
263 132 8
225 15 83
284 333 93
258 206 18
290 51 74
436 397 71
396 259 14
127 256 94
327 177 92
18 296 50
327 85 95
198 423 64
99 314 77
296 39 60
337 417 15
367 313 34
334 13 32
337 318 72
237 131 28
169 164 77
316 330 75
134 25 26
252 350 57
390 208 90
106 213 95
8 253 39
216 99 82
367 191 81
376 488 31
481 135 42
488 57 32
90 424 44
118 183 66
468 73 15
454 372 14
179 207 17
486 80 15
304 178 11
486 354 67
0 228 10
427 226 43
416 76 91
296 308 95
163 43 90
436 25 59
77 11 1
369 241 87
395 101 51
453 310 72
34 288 99
230 137 97
295 495 95
23 274 0
229 185 59
261 218 44
239 321 29
110 343 74
99 2 54
458 32 58
209 129 22
192 50 65
112 164 61
53 93 52
81 176 11
230 180 10
142 85 97
499 289 86
346 463 15
299 36 50
29 222 58
49 6 44
468 324 71
436 120 0
42 448 38
396 284 72
396 143 5
432 262 45
33 361 39
483 277 20
105 470 51
334 104 43
311 101 56
440 296 24
108 428 29
149 145 13
222 475 10
316 338 61
482 156 80
236 419 41
13 433 67
354 48 82
427 248 5
273 38 36
173 85 53
134 350 82
468 141 98
305 446 99
0 308 37
188 235 69
451 464 46
465 108 97
347 402 80
265 212 82
348 261 5
382 421 37
121 32 15
0 163 12
121 321 14
1 17 91
72 157 95
230 384 30
429 9 6
465 47 2
290 280 53
46 262 44
82 93 26
101 156 9
407 27 64
433 464 27
305 64 67
457 250 46
493 462 59
467 294 70
284 7 14
476 98 50
108 197 81
422 63 30
398 374 70
302 37 72
351 144 77
234 222 45
282 173 1
44 191 43
476 432 97
225 17 36
5 6 88
306 208 35
268 462 87
105 414 45
137 275 4
382 260 58
337 88 17
28 86 69
175 435 94
158 494 54
251 185 42
18 486 17
444 25 60
476 436 26
386 197 28
95 46 18
427 453 93
446 23 1
261 174 62
85 371 34
304 199 15
420 7 98
416 478 4
434 236 19
0 22 33
436 387 12
61 445 32
59 463 64
207 206 24
347 379 56
89 205 44
427 169 48
278 79 88
290 7 31
391 220 32
168 246 60
35 315 43
436 169 22
26 273 55
230 384 44
192 174 55
412 315 74
277 435 38
35 184 89
0 121 5
494 187 35
465 299 71
306 485 95
306 119 85
114 388 65
59 7 35
296 444 9
143 170 32
263 75 24
263 103 23
220 323 93
121 230 58
17 381 68
163 426 9
26 118 19
148 65 5
380 170 30
354 27 37
83 254 12
11 176 56
137 26 81
140 203 33
290 483 21
98 388 80
163 302 4
63 269 80
457 427 83
51 488 67
280 216 71
18 296 60
161 221 96
218 112 17
114 442 31
0 140 70
455 310 15
122 154 98
311 325 54
72 93 13
440 387 11
461 255 71
26 361 14
270 109 95
424 336 50
273 405 46
457 379 98
305 282 99
163 26 19
335 92 74
114 59 22
178 385 11
331 292 21
490 415 2
1 473 2
44 196 30
284 388 21
277 455 50
436 473 93
439 164 67
396 18 69
376 215 77
147 303 4
179 223 36
441 33 10
12 331 6
483 333 84
468 484 6
22 3 61
355 53 97
284 416 60
59 451 89
267 420 31
104 477 2
102 494 95
142 458 35
305 159 1
382 67 5
54 20 49
98 242 35
283 193 33
239 283 57
428 195 26
151 292 41
305 204 17
138 9 56
44 300 8
27 156 70
394 13 90
296 386 67
436 222 10
148 413 98
177 371 31
299 334 3
332 413 22
258 459 72
252 200 31
448 55 43
278 252 30
0 386 79
186 128 3
392 167 0
174 10 65
467 146 15
39 453 38
179 373 19
483 59 16
72 447 40
341 240 52
376 61 32
305 382 57
202 306 52
499 260 87
482 218 99
436 368 13
455 45 50
81 218 6
82 87 36
18 379 91
42 341 9
263 229 65
476 98 63
0 483 91
444 412 11
453 91 62
355 487 12
427 282 45
311 207 94
299 229 8
291 298 6
409 255 0
483 282 68
7 429 2
147 383 3
496 463 1
488 431 72
127 379 89
236 367 81
213 206 75
370 155 59
273 494 52
484 368 71
314 291 37
457 440 48
75 405 98
39 452 56
258 429 79
489 106 69
312 209 69
329 309 5
223 84 28
387 29 23
402 231 73
320 195 49
296 85 51
406 228 57
434 263 5
397 139 58
259 109 89
440 434 16
263 316 37
342 497 63
121 258 97
0 261 78
492 437 0
155 181 23
348 326 63
180 133 75
414 151 61
265 251 38
8 447 99
486 465 13
311 393 33
137 95 39
87 109 31
168 143 62
142 88 3
305 265 33
280 492 76
263 480 31
225 207 5
150 134 9
436 7 27
291 285 94
384 358 52
370 207 54
7 363 26
174 415 87
258 277 5
163 481 68
413 403 22
36 85 98
461 71 9
204 90 24
5 53 55
4 298 15
275 421 91
486 130 4
436 411 7
125 447 96
179 342 78
433 497 2
199 460 95
32 266 77
302 493 51
295 89 38
204 127 8
230 483 91
81 438 17
488 197 44
395 306 4
233 30 71
72 298 14
432 131 11
284 13 84
384 435 43
0 282 33
121 483 96
442 112 51
296 447 33
471 73 88
290 81 40
174 43 78
99 344 33
0 4 11
383 129 92
179 431 83
204 494 98
117 74 63
384 173 28
233 292 40
178 250 91
181 450 71
230 22 2
234 460 1
37 2 65
155 428 35
290 163 86
482 395 22
42 400 89
19 74 42
385 433 31
348 98 69
499 252 92
467 319 91
18 383 89
239 79 70
222 338 22
64 485 21
489 282 63
1 42 4
208 464 45
356 21 35
185 126 96
225 374 74
117 435 48
236 350 0
199 128 67
298 438 37
175 143 15
425 6 74
158 490 72
451 450 98
72 83 24
312 95 90
85 373 9
396 340 80
157 433 76
442 59 19
149 60 27
486 427 34
33 164 48
420 193 63
135 97 57
98 36 24
64 96 67
187 307 54
470 133 57
233 495 93
299 398 75
39 113 76
370 31 86
333 480 93
186 255 17
121 180 25
150 178 54
327 341 84
196 109 81
0 247 12
409 430 92
352 65 61
461 437 70
496 497 20
142 261 36
173 301 84
163 388 76
14 492 99
381 417 26
150 222 65
236 147 45
215 66 46
453 313 89
254 279 62
388 408 93
116 154 17
258 163 74
140 78 16
137 434 77
199 479 10
332 491 48
245 206 81
320 141 60
163 299 16
178 28 12
18 267 92
133 310 62
51 229 79
402 475 1
259 92 87
207 217 85
306 471 77
409 34 48
85 143 89
235 84 81
0 483 8
35 408 45
483 44 82
180 383 61
467 300 88
468 85 23
163 277 66
12 60 96
337 20 81
125 467 3
237 326 1
489 88 27
187 217 14
434 284 32
81 333 93
43 448 15
46 170 0
371 62 22
76 330 9
261 113 89
0 163 31
174 199 71
247 324 69
56 192 87
406 337 52
407 485 38
19 448 47
455 44 47
128 303 17
384 312 45
312 82 58
305 81 60
263 199 44
281 451 98
482 29 68
54 294 95
396 402 45
359 441 50
98 457 39
140 204 24
5 156 43
121 436 18
183 398 61
384 284 40
277 315 31
169 255 31
388 136 75
352 83 9
275 26 44
440 340 97
184 28 11
80 178 93
134 310 25
282 33 60
192 252 93
158 344 62
121 489 64
202 136 56
384 486 43
476 296 7
142 119 50
411 84 70
114 391 35
234 407 85
422 75 45
129 206 27
56 76 39
18 452 26
287 338 5
247 91 41
332 445 32
385 257 40
305 236 97
482 244 90
400 254 67
133 342 8
82 91 72
7 394 14
327 275 0
488 438 88
222 22 51
224 297 49
284 373 87
81 465 48
13 361 29
267 497 42
141 139 33
0 347 45
489 387 85
261 375 34
251 356 8
446 46 47
381 86 94
273 321 29
105 403 45
442 185 91
455 305 14
173 388 55
482 481 94
2 317 3
486 327 73
230 101 59
366 358 69
57 14 53
230 147 98
8 160 12
432 326 0
454 369 42
333 95 33
121 290 69
150 322 20
77 87 25
455 263 21
246 53 33
386 48 64
383 433 77
113 491 79
467 498 1
44 482 2
258 481 20
290 483 15
481 80 5
263 61 78
432 11 50
24 339 46
300 70 78
277 481 53
457 465 27
474 380 78
366 90 27
348 112 50
87 238 76
0 465 38
258 476 3
158 285 64
196 345 48
140 68 31
483 33 49
121 374 2
146 350 67
354 308 55
422 113 22
402 89 26
277 404 91
180 482 32
498 153 47
304 456 22
140 280 83
446 372 1
367 254 68
1 405 1
202 200 94
490 343 55
87 479 32
204 186 80
197 231 52
172 53 52
0 163 63
107 215 13
406 106 49
0 59 83
21 415 33
446 270 16
489 22 78
161 103 73
422 213 55
267 255 58
150 46 33
422 351 9
283 8 64
137 340 4
248 83 98
161 212 38
370 68 61
121 434 67
136 340 74
489 304 24
242 487 91
142 347 11
125 184 67
421 378 43
370 15 65
216 454 64
178 293 53
177 99 21
204 487 33
413 295 91
279 71 46
190 26 65
422 248 5
480 71 97
446 364 46
203 37 70
432 474 90
4 414 75
5 245 47
397 139 24
436 440 86
326 366 10
136 325 32
496 353 65
483 388 3
427 43 91
348 113 83
358 317 1
114 420 27
354 56 61
301 113 95
305 442 26
432 1 73
128 281 90
431 183 29
313 431 26
258 18 88
192 409 67
489 4 80
326 157 84
411 332 58
178 110 29
492 152 30
427 355 40
441 438 21
261 275 78
427 410 64
364 269 54
282 28 28
268 113 97
229 62 38
173 88 59
384 396 17
137 147 30
277 421 30
59 35 21
482 417 24
376 203 96
46 466 56
434 438 99
486 202 37
359 127 52
196 165 84
152 211 53
218 207 21
137 348 15
386 331 81
179 13 71
483 450 73
470 171 9
411 246 53
18 327 36
476 327 85
214 89 45
54 208 16
66 206 18
486 211 84
58 185 96
44 468 15
81 446 68
304 16 44
468 102 25
299 447 64
455 38 80
308 496 0
90 19 10
282 354 12
446 85 80
348 354 79
230 45 71
454 301 2
356 297 23
483 141 80
305 37 34
457 259 82
311 364 92
386 238 27
230 455 98
369 16 8
214 162 45
287 133 23
385 379 89
265 93 42
39 337 0
476 482 53
385 185 51
80 377 20
99 464 80
282 106 10
431 111 47
376 32 22
430 71 78
422 358 89
85 37 87
33 154 90
18 447 91
230 32 27
365 444 50
377 162 63
424 86 34
4 33 30
459 64 0
111 71 45
465 90 15
152 74 2
171 368 58
432 409 91
396 348 59
128 453 64
446 218 56
481 422 85
36 124 40
75 322 64
218 191 52
411 471 65
442 108 94
239 274 79
483 396 91
465 1 63
256 363 16
328 20 6
467 275 42
445 5 19
217 52 73
6 10 15
230 111 94
193 63 68
487 87 57
36 192 5
276 41 63
446 193 40
489 114 43
277 114 78
259 446 15
404 331 36
0 61 76
0 258 42
482 442 68
367 224 61
476 305 55
121 224 60
237 340 63
0 311 24
258 459 17
163 308 50
7 265 29
95 38 60
422 440 4
386 3 41
196 379 98
461 185 41
260 322 45
405 401 64
282 386 2
463 160 89
148 381 99
64 69 38
101 65 36
346 255 33
180 166 8
179 328 82
446 4 4
226 148 43
222 286 12
43 421 9
262 357 33
261 282 17
142 423 69
277 384 26
70 485 91
360 238 77
226 373 42
225 421 92
499 158 1
458 413 50
220 69 9
499 329 45
434 268 93
112 152 79
81 493 2
463 52 68
283 105 44
363 416 44
207 159 3
312 459 93
44 450 34
329 458 66
127 338 66
225 154 88
21 331 95
244 451 85
405 417 89
459 393 8
33 417 64
18 239 63
199 166 79
361 175 31
134 382 22
137 442 9
65 212 18
490 96 64
391 308 33
394 279 16
88 52 40
121 455 0
133 126 44
391 122 84
196 447 71
45 402 53
427 284 40
392 224 30
42 364 56
114 259 12
305 407 98
178 14 78
146 328 2
114 174 37
216 286 55
146 38 62
347 46 18
346 224 56
53 12 58
427 196 41
178 471 17
253 151 78
293 430 71
483 142 16
130 383 57
261 488 17
477 412 61
233 120 61
87 397 74
184 171 32
257 63 89
134 32 9
336 20 94
146 219 46
170 317 66
0 468 20
268 373 64
237 148 54
499 4 19
484 190 88
476 43 64
388 445 67
218 298 82
42 356 47
484 177 34
304 249 45
299 179 77
95 168 32
488 21 40
121 290 18
304 158 0
465 45 50
413 357 48
271 328 44
390 297 51
225 11 23
95 217 57
354 59 67
448 132 58
44 180 3
137 457 99
489 285 38
283 101 85
239 257 73
314 390 13
348 459 14
440 110 78
228 386 44
44 482 28
29 93 48
120 316 75
82 160 60
168 494 98
16 171 25
388 347 45
437 62 67
44 34 24
309 426 67
486 229 48
236 453 1
72 211 38
127 86 22
68 143 85
0 221 16
488 93 65
489 234 40
320 209 49
137 157 84
32 379 23
202 50 58
164 206 94
338 165 35
59 4 41
395 339 11
219 154 13
436 223 73
387 349 54
238 449 24
261 239 44
465 296 90
280 75 64
245 10 50
18 39 49
98 284 60
214 233 57
410 264 25
389 131 5
0 391 21
36 167 78
7 161 63
305 445 51
337 195 68
440 172 91
277 332 25
46 231 0
190 428 51
42 497 50
16 325 49
141 149 36
476 395 40
467 193 19
391 8 22
36 281 77
33 301 84
179 326 41
256 342 24
410 309 91
458 78 89
430 497 64
11 356 23
457 373 4
434 198 70
420 219 48
76 390 29
160 100 7
114 267 50
113 328 77
247 419 79
304 374 37
302 214 3
348 341 9
258 65 32
280 110 96
57 159 15
163 18 16
45 333 22
347 80 26
276 318 71
476 305 42
18 381 14
0 121 10
267 46 15
499 216 30
18 451 51
410 416 22
239 402 91
28 69 11
231 151 85
163 137 0
202 235 36
262 89 17
334 395 73
72 341 1
352 249 77
384 489 91
314 11 68
400 378 64
258 100 64
410 253 25
305 276 16
290 384 56
94 292 59
290 142 99
193 78 62
26 103 9
248 425 27
0 121 81
82 69 21
125 122 35
56 158 35
459 259 80
240 426 82
18 125 69
68 400 60
198 325 4
259 101 99
39 113 61
367 247 88
190 410 68
369 360 4
43 266 97
342 9 67
137 422 54
129 198 9
359 336 90
23 226 37
91 244 20
102 227 55
304 102 19
276 335 22
180 489 98
109 243 72
382 325 71
216 414 91
384 484 3
210 279 16
483 236 36
482 259 84
483 248 69
423 295 78
395 204 76
383 340 91
305 142 26
277 312 55
151 245 6
26 356 78
202 46 91
457 75 81
278 364 78
239 364 58
428 274 7
376 482 70
163 197 12
499 57 68
56 157 48
140 90 51
482 174 65
267 487 91
451 364 91
59 95 7
7 135 20
268 101 42
369 223 93
440 125 2
436 261 46
301 292 78
446 379 33
258 92 19
272 132 10
81 273 95
365 153 48
239 43 63
225 403 45
497 165 69
473 419 29
14 371 88
485 110 61
488 374 32
64 323 19
368 48 37
259 157 94
98 433 87
282 362 73
155 401 90
442 242 63
163 367 84
138 438 81
181 449 50
179 168 41
41 189 93
0 360 61
35 222 15
323 425 23
290 305 15
376 239 34
121 384 97
259 109 35
157 217 33
434 125 27
277 44 18
44 327 26
23 216 50
284 433 79
114 98 4
78 30 20
178 273 53
43 216 92
25 456 62
168 444 72
224 109 59
18 4 11
453 194 14
199 337 69
60 205 14
258 239 68
311 371 78
458 169 74
366 437 8
465 492 5
263 107 15
66 86 75
302 421 12
428 139 26
59 451 86
460 292 47
436 458 11
290 265 17
486 140 13
282 207 15
56 449 90
184 4 48
58 215 96
445 164 24
380 143 86
72 138 13
115 321 8
76 412 63
86 255 21
229 360 86
140 465 48
446 433 10
370 446 60
476 118 97
141 426 20
158 112 46
230 44 1
299 57 60
387 448 60
374 408 42
388 316 21
388 306 26
173 472 47
301 249 67
471 374 11
345 497 81
300 462 9
236 426 54
78 297 17
8 157 10
347 227 6
465 393 81
483 277 0
16 400 9
258 270 89
476 7 35
192 383 29
56 432 29
15 295 42
38 22 76
7 95 37
406 148 32
45 353 75
0 304 43
44 242 51
125 141 95
235 475 3
332 281 49
459 439 4
238 274 97
70 213 16
382 390 17
347 477 52
230 396 8
85 208 62
179 33 78
349 366 3
51 90 84
305 352 29
300 168 52
293 285 96
290 476 28
87 437 71
29 103 14
497 298 54
376 406 3
36 45 41
357 378 43
142 485 81
159 164 84
235 298 17
395 477 35
345 405 16
486 440 82
114 481 1
453 138 87
486 36 50
459 432 75
427 481 19
390 84 12
409 58 61
0 290 35
7 17 15
307 131 65
434 15 38
179 355 34
137 427 70
363 15 98
61 319 74
370 43 20
349 97 13
46 74 93
313 223 45
186 361 2
388 36 85
239 347 25
111 292 38
486 465 13
306 412 54
121 489 13
148 249 16
360 2 86
476 446 94
299 133 45
216 405 68
393 164 26
430 63 57
117 17 41
305 323 85
293 30 6
362 461 55
332 84 27
459 354 80
397 210 56
39 95 29
128 247 83
273 291 37
459 236 84
186 470 22
496 104 74
267 260 16
388 466 14
172 245 46
383 318 45
355 183 1
190 228 92
168 50 26
459 325 94
56 406 95
35 437 11
481 320 19
359 28 96
442 173 70
233 111 67
258 81 51
486 233 7
18 349 13
455 114 22
453 496 6
468 311 96
499 176 93
179 150 55
311 17 68
466 413 47
239 250 86
488 66 99
363 74 47
251 494 13
351 90 51
388 126 2
296 452 5
491 497 10
350 418 42
127 451 1
270 27 20
197 415 53
140 193 67
192 477 36
312 481 66
26 206 43
213 182 91
476 434 65
379 281 95
428 129 97
436 54 73
68 469 97
28 159 54
349 219 21
290 455 8
114 179 3
387 433 34
452 470 3
427 36 46
467 415 32
220 116 76
376 209 27
190 366 80
32 480 70
214 82 85
296 84 43
483 137 76
474 15 10
173 358 84
312 188 79
427 59 64
483 106 32
141 271 95
490 497 20
46 351 88
345 431 72
391 17 11
98 422 74
91 243 61
305 284 61
442 202 81
61 345 17
312 434 79
39 68 35
18 147 71
78 162 41
306 311 12
483 468 38
259 173 94
85 147 69
174 234 51
95 362 55
230 489 16
70 344 10
78 15 97
406 106 67
461 235 47
388 59 69
184 226 48
36 130 24
136 10 44
0 230 33
436 239 70
455 499 36
486 78 88
215 205 16
436 459 32
427 76 41
0 230 20
476 411 33
130 127 46
443 143 66
299 225 78
31 400 94
230 489 29
15 185 40
35 101 63
285 343 28
481 21 57
15 162 69
394 368 17
402 99 40
452 380 20
320 328 75
23 85 27
142 313 49
222 232 11
188 254 7
283 497 60
460 448 37
441 25 31
180 178 32
201 73 25
174 66 87
318 322 81
163 173 81
483 360 83
87 243 21
193 337 39
306 175 9
476 398 35
114 34 72
391 464 49
427 474 11
0 396 96
239 190 68
411 439 89
365 72 45
184 229 98
270 377 79
263 295 46
141 201 97
237 29 11
102 87 56
44 270 39
302 43 56
337 358 30
204 453 78
457 373 87
382 334 51
230 114 54
192 237 33
270 16 57
443 112 46
489 198 92
230 267 90
327 344 34
413 38 62
267 444 39
121 230 43
147 301 64
213 20 44
277 3 5
406 127 56
18 220 32
263 474 74
436 336 10
362 346 89
125 304 50
87 208 73
312 481 78
261 259 11
96 241 68
429 104 42
312 125 59
39 447 82
199 42 13
82 297 43
11 112 9
216 105 85
258 337 62
230 263 39
8 73 47
456 292 2
83 271 39
90 316 40
352 155 35
474 441 45
277 484 5
150 263 79
432 366 59
259 94 49
468 454 80
431 156 16
470 97 51
180 458 71
354 236 78
166 60 98
406 102 67
311 242 81
79 238 87
348 329 80
53 9 80
489 8 22
280 304 38
138 450 68
333 27 77
336 124 2
137 413 97
100 21 7
484 385 99
489 396 30
81 345 51
294 319 79
141 321 68
311 219 52
410 357 46
395 251 22
246 88 76
468 459 4
98 439 16
35 82 68
202 284 50
36 47 11
341 287 28
239 97 94
390 221 1
43 131 98
427 366 75
395 218 83
373 24 81
81 440 91
410 215 55
150 19 41
44 245 81
276 67 0
144 247 55
207 287 99
230 259 47
65 403 76
84 156 80
54 27 51
51 304 39
384 444 81
18 392 16
163 44 98
221 286 16
379 281 34
261 191 11
78 381 15
228 128 71
114 348 64
53 41 52
113 215 32
102 21 7
42 460 4
137 256 52
476 456 10
376 345 74
263 17 15
457 202 68
179 88 70
111 412 46
26 491 43
340 222 45
45 471 46
311 450 34
404 215 27
201 403 93
347 333 5
398 372 58
137 22 73
382 204 63
207 374 83
268 334 65
483 455 11
114 493 62
213 412 91
455 436 76
230 249 24
25 221 84
44 376 89
476 18 72
39 330 60
499 76 94
329 398 78
122 215 9
323 2 50
440 252 34
434 105 97
1 491 49
422 193 36
284 494 0
358 129 4
276 107 0
7 209 94
482 425 67
3 62 29
43 247 12
484 216 50
258 457 37
282 421 13
388 435 36
431 116 84
433 151 89
343 272 29
436 347 15
455 192 78
376 239 63
468 265 11
346 463 77
0 98 66
280 446 68
183 164 59
61 213 93
147 439 55
226 371 88
283 77 22
456 119 35
64 450 41
39 392 28
280 434 48
402 404 83
0 163 68
31 48 23
446 220 43
384 474 53
99 260 95
489 387 82
147 138 80
57 249 27
78 241 55
163 140 82
258 305 90
347 129 41
376 363 85
302 252 27
234 111 36
434 164 23
158 264 89
287 269 22
136 240 53
382 281 87
305 397 15
277 100 82
275 444 51
259 299 85
59 10 99
280 325 57
140 301 10
377 167 65
135 318 42
440 142 18
188 297 78
202 371 13
469 195 15
434 139 51
376 59 47
39 447 52
268 194 45
270 60 49
125 196 26
299 127 6
101 207 47
0 49 33
137 106 47
465 347 79
277 360 67
351 208 98
155 162 28
160 40 24
385 211 13
371 451 42
471 146 11
202 152 99
59 170 27
114 41 79
57 103 35
364 245 26
430 139 74
81 35 20
350 357 31
267 228 30
394 232 70
29 197 51
359 362 83
44 370 91
282 487 34
225 390 72
34 343 91
483 300 46
181 492 55
482 497 53
228 159 16
416 181 8
190 415 17
45 33 94
482 485 42
142 445 60
142 432 23
61 4 49
59 406 32
421 491 15
305 481 12
82 350 15
48 103 59
483 44 63
58 53 49
301 122 75
366 403 6
218 73 62
148 478 71
199 28 99
45 89 72
337 332 8
436 93 81
140 155 91
440 402 73
95 309 97
248 275 93
83 449 51
56 370 45
428 149 96
263 372 18
302 336 32
28 367 47
388 414 0
481 125 91
181 269 56
299 59 34
488 33 20
192 174 20
372 250 73
358 17 7
171 221 27
80 397 16
140 370 27
481 11 53
72 5 42
434 383 67
98 125 13
258 18 95
186 69 20
453 53 96
355 494 86
209 47 73
320 5 94
57 167 33
34 428 44
287 53 42
102 234 17
199 149 1
199 30 23
301 197 11
137 140 86
422 15 43
87 206 42
150 3 93
51 394 43
141 498 8
309 70 70
178 83 22
442 45 62
204 3 5
461 117 81
121 290 49
174 378 69
281 84 4
87 60 82
482 74 81
85 95 1
371 255 59
168 116 89
43 452 71
32 480 83
476 51 70
489 137 78
44 280 63
236 118 11
285 319 0
0 278 32
491 74 10
442 284 24
468 236 39
222 324 60
121 484 11
180 434 91
1 248 20
355 187 87
180 278 83
263 443 73
0 290 57
17 325 4
440 39 44
412 170 46
44 26 69
121 483 37
234 92 80
311 410 87
192 456 82
304 225 31
267 387 2
468 150 20
354 408 90
496 390 79
4 435 98
396 383 0
355 158 16
163 277 87
296 270 18
41 324 11
179 46 29
340 360 92
258 305 19
486 345 43
488 336 51
18 96 61
435 250 10
453 247 96
51 169 30
388 83 20
180 396 38
248 399 15
150 463 1
149 76 36
38 213 50
493 242 93
344 73 41
46 412 30
381 254 83
410 73 18
391 33 85
220 379 14
337 293 75
11 330 24
173 63 75
282 225 71
457 282 48
239 35 24
137 421 64
460 390 51
290 230 9
396 329 42
476 427 14
121 290 53
118 389 32
137 382 19
434 112 45
376 436 78
370 153 67
400 232 90
311 447 84
263 414 2
142 347 62
98 184 63
486 1 52
246 291 42
384 109 96
137 284 72
459 284 86
0 158 71
22 241 58
348 90 56
180 354 54
362 64 34
202 229 7
11 324 44
365 441 16
187 206 51
81 263 81
304 92 89
236 420 93
277 54 31
208 497 60
121 180 45
466 300 60
163 396 69
402 493 49
168 93 50
304 479 31
481 422 85
368 417 74
406 271 31
277 431 19
246 477 41
296 135 17
354 72 16
409 195 60
138 328 83
137 482 3
136 61 47
428 403 63
373 372 15
122 322 5
486 420 82
258 42 99
35 113 52
311 485 16
476 98 85
453 250 81
60 419 33
410 159 62
402 306 8
333 263 9
64 73 48
118 303 18
347 306 45
478 235 56
84 3 93
162 66 28
466 461 2
81 355 32
163 45 52
329 456 86
465 134 8
347 167 37
143 495 67
228 363 48
239 34 91
162 338 50
192 276 10
49 135 82
36 420 56
258 144 96
199 205 42
137 467 62
445 469 32
172 4 80
368 227 81
422 184 55
59 374 54
44 180 80
333 159 95
434 448 56
445 226 6
347 168 16
98 56 11
283 66 73
385 254 67
492 164 63
230 282 95
396 137 3
363 487 50
239 266 22
311 54 1
446 379 28
468 434 3
178 456 11
42 362 82
348 406 40
354 327 90
248 87 70
467 256 50
216 262 30
375 324 72
421 397 89
465 35 31
150 228 0
148 166 90
242 480 19
177 215 4
275 264 52
351 246 83
1 37 99
484 402 76
370 130 61
320 122 9
428 153 43
169 208 33
8 5 43
65 151 17
68 91 62
280 399 73
64 464 43
388 446 0
16 60 16
44 248 14
311 241 69
457 424 90
397 375 9
14 224 64
231 342 10
99 379 4
299 228 88
59 441 39
302 1 31
267 439 55
277 489 34
455 476 43
312 51 74
348 493 31
85 309 35
192 134 50
128 28 69
427 262 70
117 479 45
296 20 53
117 285 94
179 43 84
141 281 76
180 348 16
228 72 28
168 76 53
104 346 56
101 374 55
77 4 31
179 92 5
45 46 9
354 125 80
465 329 99
498 120 1
441 437 56
216 21 91
148 5 16
276 65 53
72 70 18
365 466 71
376 467 35
406 158 22
110 152 11
434 276 81
179 199 31
276 161 37
125 210 92
376 377 53
489 46 41
407 151 45
304 39 3
302 159 67
220 433 59
81 271 84
