92
0 556
0 799
1 679
0 690
1 672
1 631
3 47
6 225
5 715
6 733
2 177
0 21
1 666
13 558
4 546
5 589
0 332
10 63
5 628
11 689
6 807
10 239
1 38
15 632
3 302
25 524
9 484
19 43
10 261
21 556
10 269
23 610
24 883
9 314
34 775
14 160
20 25
4 139
17 566
1 870
20 837
34 696
26 640
29 173
34 41
17 57
14 223
25 613
16 41
27 966
44 632
41 100
50 580
3 422
14 359
34 363
46 35
29 867
46 500
18 925
9 118
16 553
30 350
20 797
59 442
15 557
13 591
27 434
61 894
26 666
60 850
3 799
4 790
20 262
38 55
5 532
31 871
9 863
68 600
18 962
33 773
51 171
36 525
71 885
24 162
45 374
0 930
75 247
32 540
57 711
35 45
