86 800
23
72 49
63 29
70 43
48 21
9 84
63 65
68 36
70 74
64 84
21 39
49 74
43 35
20 5
57 61
55 10
51 73
8 33
76 28
49 79
77 31
10 51
79 47
35 79
69 63
8 14
80 82
31 57
62 37
4 43
54 26
5 51
77 11
40 13
6 59
4 81
38 84
37 7
78 31
0 72
78 61
57 9
58 72
16 80
37 35
53 12
64 83
9 58
63 47
20 49
36 62
52 25
32 75
20 3
75 24
77 13
22 68
46 40
34 80
21 54
67 63
61 66
30 37
84 62
17 8
70 18
43 53
42 36
31 67
5 55
68 20
80 74
28 4
76 33
1 62
32 4
70 60
3 7
69 15
23 1
20 0
53 85
27 55
29 2
57 58
70 34
15 39
35 65
4 43
12 17
21 83
50 44
51 84
13 53
55 26
18 28
19 67
28 63
65 46
18 57
84 36
67 80
59 13
48 16
26 55
53 60
18 39
37 9
62 61
79 50
70 23
4 11
67 3
49 25
82 46
75 59
54 72
77 56
65 19
67 40
14 83
36 26
35 25
0 74
38 11
35 72
83 15
18 31
56 56
17 60
25 45
31 6
54 79
5 23
55 25
22 72
12 69
8 59
47 39
50 1
73 77
6 77
23 62
33 17
77 71
30 42
40 16
2 54
69 8
26 7
71 38
13 48
21 75
28 14
7 60
44 70
54 80
48 50
59 69
54 73
29 50
59 77
37 61
70 53
60 12
42 2
50 37
18 47
61 64
30 38
14 68
54 74
31 68
51 9
82 4
47 12
81 18
79 12
65 24
28 55
57 31
68 70
23 14
78 78
30 85
59 14
3 44
19 28
37 26
22 70
74 25
43 69
73 61
77 29
84 52
75 19
81 48
62 49
41 19
10 46
60 71
22 69
3 55
73 41
17 32
58 10
71 84
59 7
36 59
17 51
62 27
75 7
56 58
69 51
3 12
75 79
54 55
25 11
44 58
4 12
14 62
60 62
62 0
59 25
68 12
39 68
75 45
9 28
71 46
50 70
63 66
36 39
43 23
81 53
57 1
55 78
46 72
72 29
47 22
35 37
19 29
66 66
1 1
39 67
51 72
53 3
34 20
36 81
48 77
71 23
15 19
83 40
62 54
76 69
12 23
44 17
76 24
25 17
76 77
55 64
59 42
54 14
9 7
85 4
28 57
69 70
16 35
3 66
42 78
15 72
3 46
62 52
61 79
62 1
57 51
85 32
46 22
30 54
50 56
19 21
5 70
12 80
53 21
6 15
1 9
47 13
65 83
68 24
17 40
84 45
69 67
3 83
43 29
85 33
46 8
70 11
5 43
57 82
4 58
59 63
76 83
80 13
37 48
80 55
6 46
27 78
76 75
18 23
48 33
33 10
13 9
52 10
6 18
69 23
0 10
8 42
55 69
31 80
41 84
45 25
18 47
28 64
1 0
25 39
49 50
59 59
61 62
72 25
41 67
70 55
4 41
24 70
64 51
50 47
73 12
59 9
65 83
75 80
33 67
31 14
65 74
42 4
21 40
14 28
76 62
10 84
68 80
45 34
74 38
50 1
2 61
50 16
10 68
49 39
53 35
23 72
76 25
65 65
85 3
66 79
69 75
61 68
8 51
82 13
6 82
57 38
54 9
77 13
52 56
83 32
18 12
37 20
77 0
3 8
2 77
58 61
43 63
29 26
31 52
40 17
55 37
46 4
17 16
64 29
61 70
82 62
82 71
71 25
33 66
49 67
34 35
13 21
39 70
28 34
43 70
14 68
72 4
20 60
82 4
66 85
61 49
35 62
79 49
29 12
71 26
54 78
6 20
82 59
85 37
14 24
6 42
46 28
80 71
67 59
58 68
32 47
15 25
66 59
63 8
34 2
72 49
61 2
61 70
22 57
73 60
8 28
48 71
56 55
28 42
25 37
84 78
9 49
22 13
13 75
69 77
40 48
42 56
40 7
56 18
70 54
82 43
29 79
40 44
79 77
29 60
52 10
59 19
25 61
42 73
64 38
78 26
74 11
10 35
45 28
75 67
16 29
14 71
22 37
29 46
20 7
17 50
69 72
39 68
55 8
39 74
6 25
36 31
58 80
22 47
20 17
39 11
75 36
74 45
6 3
10 9
59 26
5 19
1 34
43 44
24 48
73 74
19 30
24 16
55 70
1 39
42 75
17 32
78 31
26 83
6 84
24 36
55 65
14 29
66 48
2 49
29 4
27 76
84 48
24 51
82 53
34 26
58 39
70 51
49 42
40 3
39 55
27 57
0 1
41 33
74 58
55 44
26 17
65 82
39 24
77 4
22 36
75 25
68 72
29 51
54 31
79 69
40 0
79 20
53 33
83 34
70 41
58 52
40 10
34 29
25 80
22 17
34 39
26 3
46 17
40 47
22 7
85 33
45 63
2 78
18 4
45 77
44 3
13 9
31 76
62 40
49 48
80 84
79 84
7 12
59 40
39 47
73 81
50 38
30 32
37 44
36 40
43 74
76 72
62 49
3 13
61 39
29 52
42 47
59 23
55 49
3 24
20 8
38 76
14 62
21 60
14 51
40 49
35 58
21 30
35 11
50 16
60 10
50 80
9 17
58 23
48 64
64 53
35 60
36 16
76 50
15 49
12 4
54 47
69 47
51 75
83 18
21 15
1 58
67 71
0 10
66 31
85 48
14 44
60 26
76 43
6 50
47 84
45 11
50 15
83 29
47 15
23 80
44 68
45 24
27 17
49 46
0 7
52 40
58 15
58 18
61 49
47 56
67 22
29 84
19 32
39 26
13 59
33 62
79 57
67 79
39 20
19 30
62 31
46 71
82 34
75 10
67 57
71 28
27 40
64 14
41 46
19 18
80 46
9 45
38 73
85 76
12 69
14 19
82 74
15 61
63 70
41 4
25 44
77 18
33 52
4 55
73 66
18 16
61 60
39 27
18 5
74 39
50 30
19 2
55 38
23 26
22 33
69 64
75 47
5 60
30 22
80 10
18 9
61 12
39 71
76 15
46 49
80 56
58 2
40 5
31 28
53 63
42 53
7 36
3 23
37 12
14 33
34 31
35 32
9 2
17 66
30 77
47 55
57 24
21 20
40 11
75 52
11 7
35 23
46 18
31 38
63 83
20 37
70 4
6 47
27 71
63 15
70 49
65 24
44 33
44 0
52 76
75 25
40 56
66 25
55 78
75 3
41 33
37 1
40 25
2 43
50 68
23 65
4 34
67 3
3 40
31 17
43 56
18 12
37 83
76 84
2 7
32 57
51 43
60 61
18 5
65 62
42 60
8 3
6 38
70 67
84 9
57 15
28 41
31 75
66 57
56 13
62 68
17 2
63 27
25 77
45 73
47 4
7 79
31 47
28 5
15 16
23 27
60 64
54 43
7 83
10 26
8 63
58 73
6 17
8 27
7 23
28 45
39 46
8 27
33 62
70 28
55 40
18 0
35 22
19 64
4 42
12 22
1 4
21 62
81 85
23 21
67 2
49 51
70 12
66 49
77 17
57 51
43 39
53 68
46 78
35 64
0 51
55 39
15 79
79 69
4 10
5 8
51 63
67 46
9 35
45 48
5 0
31 8
76 48
40 84
