85 1600
73
40 73
14 11
26 36
62 43
10 71
63 1
50 38
1 42
11 47
16 1
69 67
2 24
36 37
81 4
84 26
15 69
38 81
75 71
72 21
7 52
10 82
35 27
69 18
22 78
79 37
62 38
62 20
14 64
68 55
81 11
37 25
63 53
40 75
11 10
63 27
66 60
2 30
48 58
51 28
66 70
65 2
22 43
22 84
54 37
5 47
29 8
18 42
75 8
60 58
42 1
19 38
26 65
38 21
7 74
17 46
5 73
31 82
82 28
22 10
14 8
58 27
69 44
9 77
7 16
18 69
65 50
72 37
15 6
37 68
29 22
52 11
9 35
20 83
50 48
56 84
26 65
66 72
64 52
69 75
16 71
78 44
38 81
44 66
6 10
33 82
8 77
27 42
41 59
22 4
3 48
70 36
23 71
39 51
41 44
30 65
24 58
11 66
4 62
72 56
10 10
2 62
20 18
35 72
33 18
23 57
50 79
65 9
60 30
74 19
41 59
74 62
0 65
84 0
56 4
56 29
48 66
42 58
2 25
0 77
6 36
30 24
33 14
44 52
72 50
66 76
53 28
51 55
56 53
14 50
36 69
8 70
0 0
67 7
41 3
81 68
7 47
18 68
35 82
4 20
11 64
50 71
41 21
31 16
23 54
81 2
72 17
17 4
11 29
74 41
24 52
56 70
10 31
70 32
52 46
67 75
61 20
41 32
5 59
71 29
31 71
3 67
28 60
4 62
18 81
5 36
21 43
31 61
8 74
35 17
49 17
37 59
7 67
41 35
21 12
83 69
51 52
69 1
20 36
32 31
67 39
82 37
56 45
34 28
2 21
39 26
1 51
33 33
69 50
62 32
16 5
15 18
61 25
61 41
29 82
78 9
3 53
14 32
17 16
38 5
74 20
71 34
67 32
82 62
9 8
56 16
34 25
50 28
26 53
7 69
35 56
24 0
74 38
12 80
43 6
26 50
41 32
64 55
32 65
31 61
34 41
23 2
72 26
79 31
15 13
26 43
0 7
2 8
45 74
80 14
21 3
35 22
77 62
43 56
74 66
64 74
33 24
50 2
75 62
75 1
44 47
54 59
67 44
75 57
28 27
73 70
49 50
69 65
37 83
64 69
15 68
7 43
3 48
25 14
15 78
83 58
32 16
17 52
66 56
40 7
78 52
17 28
9 42
41 43
28 3
71 20
21 43
49 79
50 24
59 74
4 66
82 57
67 78
49 57
64 48
57 5
75 57
57 74
33 84
2 13
75 18
61 74
25 53
34 25
57 75
13 51
23 61
55 53
25 47
53 61
66 4
19 25
57 57
13 76
46 47
65 16
47 78
47 83
24 29
61 38
4 38
14 75
43 70
32 26
3 25
29 0
26 26
40 5
81 40
2 54
27 84
78 67
65 31
60 82
35 46
84 36
68 82
67 14
82 68
8 14
57 0
69 80
0 40
80 24
35 39
38 82
21 62
8 73
70 1
48 25
19 63
60 4
60 2
71 42
13 58
58 36
31 70
67 84
24 32
71 62
16 59
79 66
55 37
81 44
70 82
60 1
5 46
48 35
34 66
39 76
28 48
75 54
54 59
48 58
77 35
9 76
58 9
3 3
48 28
25 84
0 75
36 43
78 48
29 41
75 70
75 68
79 18
34 65
80 5
40 40
31 30
39 50
10 4
32 84
41 15
47 15
58 41
4 83
82 8
35 75
15 29
4 25
6 10
15 38
78 43
73 13
63 25
71 69
69 30
46 61
76 25
23 8
49 6
56 70
60 3
32 7
32 76
43 36
31 80
81 15
28 67
49 69
54 48
79 35
11 80
62 82
47 44
7 0
27 11
56 64
28 3
36 45
38 17
55 79
51 70
9 51
35 80
43 58
50 46
41 79
76 62
63 18
61 39
7 71
7 3
48 21
66 77
9 84
35 20
47 21
72 2
82 56
71 65
26 82
77 36
55 25
0 25
21 76
62 18
22 71
7 26
18 27
27 30
50 69
6 62
21 12
25 78
15 60
58 53
47 42
24 7
74 59
50 24
43 11
39 69
10 22
49 46
76 70
55 33
53 84
53 18
11 74
50 36
4 69
26 65
29 51
26 7
73 18
71 33
18 31
10 67
28 70
13 17
50 62
18 25
43 18
50 71
64 11
80 57
79 69
77 63
70 23
83 60
9 59
47 27
9 69
11 15
32 80
14 66
6 82
58 32
60 49
61 65
37 40
66 13
77 31
11 15
76 19
78 51
78 42
68 83
13 3
40 36
18 45
84 54
1 24
31 14
79 18
15 7
62 73
61 81
12 54
74 72
39 45
44 24
64 74
34 27
63 77
79 74
43 38
63 36
7 1
20 9
58 44
32 35
74 35
47 51
38 43
3 78
59 34
66 4
31 39
73 15
5 51
5 25
18 5
7 25
34 25
26 69
61 49
41 59
25 7
50 3
38 20
12 10
14 13
9 78
50 2
11 39
64 55
18 16
41 39
22 67
8 32
81 48
64 69
34 79
83 46
67 84
52 78
6 36
71 23
68 57
12 36
49 79
10 33
73 67
49 8
82 52
15 57
83 35
29 37
83 32
74 69
63 22
58 41
21 26
84 44
81 4
83 53
1 2
69 50
15 31
40 75
4 12
4 13
50 2
77 76
60 48
28 66
64 80
22 1
3 0
47 63
31 41
43 45
53 74
63 69
59 68
38 60
73 63
22 84
75 38
44 14
37 51
46 72
30 16
59 25
3 33
31 21
23 76
23 74
58 76
17 1
61 74
52 12
11 7
45 32
3 2
10 46
33 41
14 13
39 64
54 73
51 84
76 1
32 75
23 56
14 48
37 82
9 32
39 47
79 21
23 42
3 82
38 75
3 37
58 10
40 42
42 69
27 7
39 75
46 60
23 19
17 17
49 60
64 26
47 4
46 58
13 27
59 49
43 8
18 63
20 58
43 59
66 19
51 27
2 62
81 54
71 67
0 13
82 36
82 64
80 1
71 43
7 8
16 45
23 8
66 77
51 1
62 66
9 74
51 71
40 53
78 4
60 69
62 78
14 57
15 59
17 9
17 1
47 66
31 76
68 70
28 55
36 76
65 6
77 2
13 73
34 74
15 6
41 9
23 77
8 55
22 39
40 67
49 81
72 44
72 37
7 12
3 15
63 1
45 68
13 55
2 58
21 48
57 17
52 19
75 38
77 60
43 54
50 74
34 49
43 38
7 21
36 51
52 11
36 57
69 54
28 50
55 71
46 6
26 69
22 55
30 58
69 56
46 30
36 34
29 80
58 80
46 37
48 9
23 55
24 41
48 8
79 9
58 18
3 82
52 84
14 67
39 40
70 83
32 0
37 22
59 19
56 10
61 20
32 19
60 0
8 56
23 24
84 44
42 81
37 44
27 51
6 8
6 23
23 34
13 80
14 17
27 72
49 70
46 3
45 81
9 64
45 53
13 32
70 44
4 12
63 22
30 73
11 70
19 78
31 76
8 74
61 45
73 35
80 25
63 76
55 41
51 72
62 57
17 64
33 47
27 63
51 12
39 57
51 62
53 15
4 39
84 18
10 65
47 29
63 47
3 25
54 33
6 12
33 31
36 65
43 67
36 63
77 51
28 75
5 0
39 38
13 51
73 81
25 23
70 35
17 3
79 31
43 71
60 42
64 76
15 53
31 22
73 51
41 65
66 58
53 3
11 20
58 66
46 84
76 84
44 31
62 50
79 80
37 62
11 11
64 16
80 26
78 52
32 25
83 76
37 55
33 8
31 5
47 6
47 77
24 38
46 7
2 43
21 40
51 82
55 74
15 72
39 51
33 50
84 28
84 74
82 78
83 32
38 29
21 2
41 1
50 2
46 44
84 9
48 24
13 7
79 19
27 70
36 33
61 60
49 77
70 60
49 4
75 25
28 45
46 11
56 26
70 53
62 17
83 26
33 26
2 11
81 69
17 29
4 74
66 35
53 11
15 8
34 59
19 5
58 19
45 65
33 29
3 72
55 53
36 1
54 45
29 38
67 8
82 3
38 28
39 64
72 48
23 11
58 63
82 42
65 74
60 84
71 55
23 64
22 83
43 16
54 77
0 72
75 36
65 39
18 71
76 61
30 48
26 14
14 45
34 66
65 79
6 10
31 9
7 72
3 10
2 51
38 58
9 44
84 71
57 31
50 59
64 48
20 80
82 6
72 34
70 32
84 52
18 76
63 72
82 26
77 67
40 42
43 72
58 6
80 84
16 30
36 45
82 80
43 56
47 79
68 30
40 32
23 24
11 58
41 2
26 51
50 33
21 23
29 8
8 36
67 24
69 66
61 60
73 23
18 20
7 35
24 43
68 47
63 47
6 36
44 19
10 32
55 9
18 73
24 42
66 68
49 48
65 8
73 25
2 53
45 6
7 10
14 69
32 32
68 34
11 80
70 70
79 21
51 82
39 54
37 75
81 63
28 43
26 61
30 16
65 28
38 75
17 72
19 10
44 49
1 44
29 55
33 71
69 24
78 41
32 65
43 73
31 70
46 71
3 57
43 76
24 25
12 38
48 41
47 31
32 50
62 5
77 62
43 53
9 18
83 78
66 83
68 84
27 55
69 30
63 72
12 27
66 2
0 24
12 71
36 4
10 45
64 14
24 2
62 64
57 33
32 17
16 81
51 15
2 44
31 35
20 66
25 1
25 1
29 26
72 80
82 66
37 82
41 61
82 61
51 18
36 54
50 83
56 9
10 58
51 58
39 84
0 71
29 22
48 25
62 58
39 77
75 59
77 33
51 73
7 74
44 18
58 0
51 51
25 29
45 62
61 33
19 84
63 61
43 48
21 68
61 21
37 18
8 51
39 30
19 60
35 3
45 20
72 8
80 12
31 54
2 40
81 49
67 63
26 60
43 25
3 4
22 19
27 83
28 31
48 24
27 47
68 40
48 30
84 12
23 0
40 30
36 25
3 79
54 18
0 71
75 54
74 46
44 55
43 58
82 72
76 6
3 67
12 16
70 51
52 53
40 8
75 49
43 76
9 35
21 54
24 51
12 12
24 55
28 56
0 67
30 26
50 34
50 33
41 19
72 78
1 50
15 69
60 77
27 15
70 26
34 6
60 51
21 47
60 84
66 49
32 61
10 11
1 39
58 17
10 42
8 2
71 12
46 23
80 3
71 30
36 22
73 21
68 11
10 9
16 43
61 33
1 5
45 28
46 2
45 18
21 13
67 53
33 49
53 28
59 28
8 39
60 52
64 81
48 0
1 31
22 64
69 62
6 23
26 71
47 9
22 28
81 25
74 5
75 71
56 84
39 6
59 64
61 56
57 80
68 24
45 58
77 5
29 71
58 83
49 12
40 62
2 72
34 78
21 76
76 24
31 77
14 72
43 47
42 32
13 57
72 25
73 58
1 65
63 17
71 16
78 28
57 26
61 80
29 6
30 82
31 20
49 18
65 45
77 49
22 22
5 47
20 9
31 35
9 64
80 10
80 80
63 74
69 9
15 39
78 55
75 2
63 24
27 81
46 43
23 61
24 25
76 70
20 1
65 23
75 29
24 61
7 27
36 44
40 33
4 8
52 33
14 36
33 30
31 41
60 36
18 54
81 84
0 9
74 16
45 23
41 64
6 26
70 48
38 84
49 67
15 42
36 59
4 71
70 69
62 77
46 45
44 80
46 84
15 1
24 36
57 17
43 65
70 21
20 70
52 24
23 27
1 24
11 59
0 47
40 38
83 62
14 43
43 42
0 18
54 15
33 25
47 68
4 33
61 33
14 67
9 28
10 37
54 52
14 63
16 54
74 11
12 14
13 45
63 55
27 13
38 74
58 60
9 43
33 62
44 70
55 47
41 10
62 22
0 52
22 34
2 16
72 11
56 14
26 0
56 77
66 54
71 9
9 39
59 37
64 42
46 60
28 35
14 3
12 47
81 15
73 34
2 41
55 18
60 16
8 39
8 31
83 31
28 79
74 7
50 2
19 53
45 53
13 47
10 60
32 26
60 48
4 62
80 20
36 60
14 56
44 1
32 64
15 42
50 60
19 4
58 57
25 81
43 18
35 81
22 53
59 67
45 82
17 63
38 40
53 10
11 9
30 13
55 1
18 46
50 62
76 80
76 65
84 59
55 34
45 34
59 77
31 19
82 19
16 6
16 78
44 27
40 70
28 75
36 52
72 46
41 43
24 63
79 32
24 65
56 49
83 26
45 30
6 30
36 84
34 23
7 9
36 79
26 47
56 64
68 19
19 43
64 66
56 43
65 58
65 80
21 79
66 63
8 23
64 73
53 1
53 14
50 60
64 4
26 76
52 77
36 9
75 71
72 57
72 46
83 9
3 52
31 61
41 70
15 81
83 21
35 25
42 51
12 42
75 21
13 38
47 42
70 6
63 80
83 57
24 8
60 82
15 27
54 6
45 57
78 26
51 43
51 70
27 8
71 63
17 59
16 42
48 21
58 43
58 69
77 57
54 82
24 9
16 26
83 36
19 18
61 33
18 71
36 69
47 2
61 65
22 21
0 34
78 27
53 58
72 51
48 45
12 83
25 29
22 28
3 23
57 42
70 64
48 32
35 21
1 52
31 11
3 65
8 73
3 81
4 61
64 76
74 9
38 76
61 14
80 18
60 64
0 9
41 45
23 5
14 76
45 67
47 45
75 48
1 55
74 79
27 5
56 53
44 16
73 9
69 62
41 68
77 1
46 41
3 75
67 27
9 17
20 69
74 13
69 10
46 75
37 15
68 73
5 8
59 69
46 35
18 44
45 44
42 52
42 49
33 45
62 66
50 84
12 82
50 39
71 38
53 11
0 23
73 78
62 47
82 48
49 65
66 57
66 51
57 23
25 65
47 5
46 45
42 54
9 59
54 7
61 37
18 65
58 61
65 6
11 78
58 62
76 17
69 82
20 57
37 83
46 3
48 41
11 7
23 5
55 62
14 78
58 73
6 32
81 73
66 71
5 49
67 82
79 81
10 8
6 56
59 47
46 9
17 22
70 57
34 82
32 82
70 5
80 47
36 76
62 33
82 17
14 67
20 64
29 8
65 30
77 36
2 81
19 38
52 61
59 4
1 43
6 6
54 71
19 1
34 5
64 81
20 31
53 36
44 40
70 82
75 66
20 19
15 78
54 39
0 67
68 70
34 1
29 74
75 3
50 48
44 66
54 71
22 21
61 22
62 24
47 46
65 52
2 67
21 80
