96
3874 -4349 -8000 -8461 4400 -4587 -8155 -9809 2568 3742 7376 3730 -2023 1389 -6992 4311 -5000 -5537 -7138 -5039 4206 -8345 -2397 -5450 -7257 -732 827 -4975 -9278 -3199 1757 -7051 -9196 -7891 -5512 5204 -2478 2686 -6253 -7909 -1572 -525 -5827 6406 -7135 -2819 -8931 4217 1644 -6068 -2469 4202 1939 -6514 -9247 4683 2754 7932 -1940 -8171 -3267 -8182 -5222 -2462 279 5618 1094 7802 304 -6806 -1755 -9267 2669 2418 -4509 -6114 -8401 2912 -9896 -8405 6844 3987 -5851 7136 7473 1254 3819 2228 1186 -6121 4057 7920 2049 -2813 3810 -5671
49 50
88 22
16 65
62 51
49 15
33 28
39 43
96 18
89 64
31 1
17 7
1 10
70 7
86 83
81 22
2 11
1 4
38 85
61 90
1 2
56 55
79 57
69 95
83 2
38 48
7 2
47 1
3 5
21 66
75 64
14 7
19 8
47 61
65 76
37 22
8 22
41 58
41 82
5 12
14 64
87 94
26 23
45 38
72 2
32 1
52 43
44 55
73 5
8 21
57 39
11 44
33 41
78 52
38 18
24 3
10 60
46 41
84 38
51 46
4 15
29 92
34 2
39 93
13 7
59 67
27 16
35 40
18 14
3 30
29 68
15 35
5 87
1 8
9 29
37 69
28 53
19 80
54 16
2 6
22 63
59 19
71 6
91 52
16 9
20 18
39 36
47 77
3 2
20 28
23 7
35 42
25 23
36 8
23 74
9 7
