5
97 194
65 74 78 40 7 67 56 12 78 75 64 11 57 46 19 50 14 72 65 54 35 54 63 12 69 44 5 12 17 67 30 49 89 85 84 23 36 59 37 48 86 11 65 18 68 20 13 66 11 35 44 39 65 84 41 42 18 67 84 67 33 62 67 18 0 10 85 2 46 67 35 5 75 39 11 67 22 92 12 47 59 76 65 89 41 82 87 15 31 78 52 7 2 12 62 24 75 17 2 8 91 51 42 34 23 91 51 69 28 94 29 27 9 32 29 27 44 28 91 40 13 54 7 13 70 64 27 74 17 40 17 12 11 35 67 58 86 56 35 5 60 16 54 94 6 9 69 93 73 79 4 43 56 86 58 51 69 77 16 4 43 68 89 40 71 73 51 7 64 2 23 18 29 41 77 11 92 80 56 67 26 17 66 57 29 41 64 89 15 81 94 29 78 27 51 7 72 19 78 8 70 11 53 1 74 26 34 91 17 93 76 71 96 14 77 28 26 56 7 75 74 85 17 57 88 36 79 53 5 65 1 6 69 27 94 18 29 13 58 44 8 47 17 77 49 95 39 52 48 61 84 23 74 51 44 5 39 26 82 44 77 2 65 28 86 66 57 47 18 86 31 70 50 0 86 70 93 63 67 63 78 85 18 31 90 45 81 38 44 42 45 33 32 55 54 35 7 94 61 87 89 34 25 3 56 13 38 96 29 12 69 93 5 51 41 69 20 37 12 58 26 89 21 22 69 85 47 86 24 60 47 93 27 2 58 27 56 31 67 39 17 64 54 94 46 52 75 69 95 83 39 86 83 21 29 64 89 27 63 75 10 25 64 56 42 31 17 94 52 56 13 56 23 74 55 30 80 90 23 18 58 27 40 84 3 88 27 39
99 191
13 0 35 5 2 44 55 10 45 37 60 92 51 18 45 82 17 61 91 59 45 57 10 26 48 76 34 51 83 38 34 59 95 43 72 35 77 0 59 0 60 79 61 46 37 22 37 45 9 73 34 13 24 7 9 0 49 36 51 58 72 3 33 77 13 26 24 57 53 50 46 92 22 69 18 39 21 84 11 62 56 71 84 33 24 66 57 90 41 2 72 34 14 18 90 7 66 5 78 82 33 84 90 69 82 23 84 69 10 17 23 69 45 82 85 1 42 9 21 78 21 5 18 74 39 42 74 35 96 15 20 31 59 55 59 55 34 24 4 78 46 88 32 82 98 74 10 33 44 27 66 51 5 55 72 7 32 57 13 55 79 34 67 68 32 98 1 64 79 46 52 63 23 91 21 48 94 96 9 33 97 11 31 49 79 37 69 48 35 72 88 42 87 41 25 29 69 22 88 58 27 20 61 37 64 54 73 72 61 60 4 24 79 73 57 79 23 37 58 13 30 25 73 45 10 98 14 73 80 85 76 79 84 21 10 55 60 72 29 86 28 67 70 47 79 4 45 34 88 35 54 19 7 45 39 46 6 81 93 53 77 91 66 23 17 45 59 21 89 8 91 79 68 87 15 30 75 95 3 32 16 65 10 0 60 5 72 98 45 3 17 22 38 52 65 93 46 51 62 70 77 69 51 57 50 94 58 40 55 22 40 98 12 83 66 40 24 76 0 90 59 69 21 5 23 7 77 17 76 14 78 3 84 35 17 51 71 75 23 26 92 46 26 78 74 0 86 56 74 35 34 45 77 57 47 16 3 45 26 78 9 60 72 3 8 28 17 45 19 89 63 97 60 74 81 12 43 80 73 5 51 7
99 199
39 50 50 96 45 11 92 12 15 78 47 3 14 78 46 87 3 37 67 43 87 73 96 28 3 93 12 39 90 14 88 20 83 93 37 22 27 39 53 64 39 26 95 16 47 58 96 20 30 66 26 22 18 90 11 38 72 4 6 29 19 17 51 66 37 88 25 42 37 51 12 30 29 13 81 61 54 69 5 1 44 96 5 76 47 39 6 5 3 26 51 44 63 58 23 91 20 31 61 75 65 10 26 31 96 66 93 39 23 30 64 80 13 88 28 3 28 78 90 27 31 23 44 5 47 71 78 8 79 41 32 47 93 60 9 56 26 33 50 67 56 24 59 35 92 8 57 63 78 28 68 39 68 91 66 71 3 76 63 33 18 83 3 76 39 1 80 82 17 92 12 92 44 91 4 88 37 91 44 92 33 12 76 71 19 28 49 86 63 34 32 13 98 84 63 39 50 34 92 8 5 27 66 92 72 4 60 1 30 17 40 89 1 51 55 49 23 19 4 92 57 50 52 95 18 71 6 34 0 79 71 93 71 6 93 88 23 29 42 0 12 5 18 60 20 30 73 54 93 29 37 92 22 15 2 98 83 8 23 51 34 14 32 37 22 23 78 76 77 52 7 9 89 55 50 33 20 83 20 67 92 37 21 40 18 22 39 63 60 15 93 96 92 63 60 44 57 14 74 62 69 77 97 59 90 37 13 32 67 47 8 57 12 39 24 45 57 1 37 31 14 67 66 90 50 32 43 19 47 51 35 94 6 19 58 17 23 60 88 18 62 25 75 21 91 68 22 66 76 31 29 76 17 58 85 70 34 26 82 48 38 81 27 72 48 7 16 53 67 15 20 72 10 74 70 97 84 46 58 43 32 15 86 65 36 85 88 27 41 36 6 29 94 2 6 92 23 60
97 194
8 26 43 13 17 82 10 2 62 16 21 23 28 47 39 7 12 49 44 78 49 71 84 4 80 2 93 95 79 50 1 43 21 69 80 46 46 55 91 32 76 51 29 4 79 53 23 55 19 51 3 49 31 53 61 95 13 79 43 86 47 70 14 62 64 80 91 47 30 59 73 11 21 90 95 69 57 38 19 39 49 47 55 31 6 61 59 57 53 2 44 78 46 55 46 50 15 1 90 6 95 79 7 95 84 4 71 15 71 4 86 7 2 44 11 77 2 10 3 46 79 83 13 69 90 39 3 93 24 27 96 63 52 58 93 39 13 31 19 53 25 96 86 91 71 15 48 22 71 81 53 43 69 55 10 23 23 41 72 93 20 4 75 65 68 29 53 70 92 94 53 31 9 14 49 21 1 7 46 32 37 25 21 66 3 79 29 2 38 8 83 31 0 73 35 48 55 46 70 29 68 71 47 81 3 31 2 12 40 9 86 91 1 7 28 80 76 86 58 85 22 75 51 90 7 72 39 70 65 24 93 21 2 3 36 42 53 68 81 84 16 74 55 7 71 90 79 72 27 33 90 3 85 67 81 84 68 86 87 88 21 43 83 4 77 56 12 19 86 93 84 43 70 84 69 3 10 49 86 70 12 78 68 41 55 19 33 92 6 28 60 52 66 44 67 37 61 47 89 87 32 46 41 68 78 32 18 17 43 51 82 45 12 69 55 64 5 60 91 50 39 4 42 18 34 89 15 83 90 53 74 35 7 29 10 13 53 2 80 15 50 90 80 49 1 64 29 2 39 76 83 4 26 0 50 43 70 21 29 49 20 28 68 53 88 30 54 5 4 20 7 71 81 86 50 76 56 40 63 34 95 28 94 36 20 78 45 54
95 192
51 49 49 52 13 71 77 24 18 11 19 4 20 8 44 73 87 0 79 41 61 28 52 19 84 81 63 43 19 94 48 87 90 91 85 6 37 32 47 0 28 6 48 91 34 94 3 28 47 24 12 68 86 36 59 58 93 1 52 45 35 26 61 16 6 49 23 82 13 90 89 90 57 22 52 69 13 0 22 57 24 30 11 54 13 80 69 64 46 85 42 46 58 85 85 36 23 94 45 36 52 45 91 24 38 44 31 71 40 47 55 16 23 90 60 53 83 35 16 61 49 64 34 40 57 33 74 18 51 59 34 62 4 87 47 6 43 25 25 38 64 47 87 55 61 42 10 67 13 58 1 63 82 31 0 87 4 13 54 16 55 19 12 30 28 0 14 60 41 27 67 72 94 34 74 51 32 38 62 59 48 16 80 77 4 74 88 64 0 89 31 48 19 52 4 59 18 42 48 34 89 3 65 17 34 71 64 19 17 39 42 62 0 11 86 6 52 30 24 91 59 51 77 55 64 59 42 62 2 92 26 37 73 93 12 59 45 36 77 40 36 11 6 89 39 83 0 89 77 0 87 4 29 76 77 90 16 94 34 24 90 47 3 19 36 47 89 51 74 94 71 88 61 31 59 4 47 24 36 74 51 30 91 18 77 0 25 29 87 82 88 62 75 78 7 22 92 75 28 58 0 47 9 26 53 70 21 7 64 23 78 5 23 64 30 12 76 65 56 79 30 80 64 68 61 86 85 80 5 10 72 66 23 54 77 61 81 50 91 90 6 28 35 21 33 14 66 9 80 86 90 34 68 58 89 3 50 2 16 64 58 77 27 15 94 87 59 55 70 56 87 18 61 16 19 94 51 11 8 84 24 74 55 45
