1000 5076
6370 -4351
-1598 5652
-8652 7743
-1423 -7367
-6794 6151
1413 -8249
-5308 -2445
9872 1642
3972 -5230
-6000 -1653
5801 5998
-7351 -7834
-1959 -633
9194 4483
-2786 -7508
-1858 622
-3726 -6416
-8672 6544
5529 -6026
-9875 -3743
-5640 5087
-7358 -2110
9532 -4596
174 -7485
-2786 -144
-7793 4174
2692 -6985
-1266 -5144
5691 -9266
-6774 -2072
8550 -7094
-3510 -2280
-9384 -5176
-1202 -5830
-3221 6145
1233 -4725
3166 1139
2895 227
2742 -950
8907 -6930
3596 6308
9324 -8886
-7678 -3711
-6625 -5590
2339 8014
7272 -7047
674 -2759
2066 -9886
-9363 -2358
-6212 7216
8844 -2584
4908 1373
-8400 2010
-8940 -2197
-2775 695
-2997 6319
3785 7174
-6537 -7321
-6558 2460
-3174 -3162
-209 5781
9374 -5902
-5788 6817
-5540 -2208
-4991 -5151
-1382 -5400
2325 -9795
2215 9878
-5967 277
7324 -373
-7701 1259
-1567 -5672
-6641 6084
-1456 -1752
1438 -6847
5286 5370
5820 -8771
4399 4661
-7547 6385
7586 5211
6163 -6186
-5981 -3796
-7566 -1512
8765 6234
-7786 -3532
4079 2442
3122 -5487
6949 -7488
-2888 6481
9635 -8154
3568 8550
6131 4921
-4066 -611
-4226 530
-7907 -1612
2202 -6640
-4083 8256
-3256 6222
-1192 -1649
1171 -8138
4304 -2626
1887 -4750
-5886 -6222
-9741 -4811
-2965 1226
-224 6246
-2480 -9397
-3656 -4092
2790 3454
8194 2118
1831 4884
-508 397
-7029 4100
-7549 2589
803 1779
9154 -25
5225 -8541
-4763 -2607
2582 9340
-3082 -4504
8095 9617
6573 6695
8955 -8033
1773 -7083
1388 -1903
9333 -32
6717 -6781
7319 -1174
-8585 9688
1467 6122
-3903 2218
3677 -3027
719 7675
3367 8914
-9238 -6699
9271 -9715
3332 5209
3528 5844
5113 -1361
6737 -4698
1622 -3499
-280 6070
-8752 -1661
-5621 -6609
5866 -7337
4881 2198
9172 8315
5990 -5090
-6176 -109
-456 -4291
-7653 -9061
6148 -1185
-8989 2031
-9329 -323
1331 6125
-7374 3760
-3818 -7047
-2356 -1301
-1558 -2569
94 -1625
-9427 -5692
8976 -8672
-3762 9745
-4012 4966
7028 -3585
-2646 1885
-9300 9375
1406 9854
-469 8064
541 -1571
-7811 7214
6519 -481
8218 -1628
2155 -5837
2538 -6987
-6327 8601
9929 -536
-791 -7351
3968 -7480
-1065 1550
-6565 996
371 2641
2495 -9513
4903 8129
-3441 8379
5593 -4556
4964 -1252
3472 2113
2628 -466
2547 -8021
-9419 -8481
983 6221
5222 -9490
9382 6544
-5554 -810
-9814 -5331
7310 -2119
-5279 -3091
-4961 -3842
-5463 9624
-4931 -2050
6698 -9870
-1405 -9967
-4081 -3477
-1498 -8776
9095 8467
1040 -917
-4054 78
-3378 -3738
1805 -8320
-3650 1069
5302 -1657
1605 -6340
-3830 6375
6000 6644
-5406 707
-2810 7421
3806 7644
-9481 2137
-287 9725
4544 -4626
809 -1192
8886 -4416
-1801 6755
4788 -8139
-718 -9996
-5301 -8862
-8850 -5416
-9040 6304
-700 -2679
4380 3312
733 246
-5757 7922
60 -5461
-9384 -5238
136 9773
-1418 5161
-9255 -9054
4053 -6180
-4319 -4704
-8348 -1159
-21 4963
5900 -3648
9008 -2518
4803 3212
-3476 -1691
8555 -4465
-6542 3609
4500 -7202
-6087 3518
3291 5116
-3371 4049
1347 8225
-7954 -2625
-977 -8247
594 -5921
5395 676
3380 6926
-5592 -2353
-9141 2388
7049 5563
-8902 -6265
3696 1957
4755 -9092
4426 -1804
9664 8668
-930 -5930
8647 -3706
21 6769
8522 7045
-8875 9044
-3928 -4531
-7605 2872
-9481 5804
-5455 -6845
5070 7730
-8535 -8406
3551 2520
3429 1513
9709 -5341
9679 -5793
-5371 5725
-7981 -1251
-8129 -6723
6674 -1608
-6211 -9607
-4138 4151
-2977 -139
-7982 -5391
-2236 -6106
-8376 -3437
-1843 9186
1707 9441
954 8061
-7280 -8512
-7953 -2985
-7259 -7601
-2499 -3323
-3694 -8888
-495 -628
-3883 -7020
7132 3294
9507 1980
2941 -9493
-5598 -8475
-1912 7058
6244 -7622
-8180 6246
4307 -5697
-4209 -874
6142 3379
5778 -2161
868 5235
6347 -6721
-997 7174
-9846 -7796
5498 5121
-6547 3638
4146 5006
2883 6394
3452 4900
7278 -9028
3570 -3951
352 5450
-5423 -5771
7608 2496
6687 7071
-1342 3386
3018 -2445
-8919 -8643
-6438 8373
3494 -8765
1226 5412
418 6947
-306 -4628
6624 9654
-9374 9498
-4453 3902
-647 4196
4777 5900
-1604 3930
-2647 2385
-7877 -8565
-1010 6011
7368 1493
-133 71
-2342 7282
2695 9713
3013 8884
-9392 9465
9119 -7293
-7795 7232
-2513 9745
293 -2247
-9995 6840
-2878 -4930
3807 -5247
-3812 4475
-3162 5931
-6224 5178
-8399 -9442
7841 3643
3357 -741
-5504 536
1 -3630
-4571 -8544
5041 -879
-4782 -6014
1739 -7472
5720 5512
6934 -1904
2849 -7158
3669 742
-6975 9037
4215 6859
7417 -6847
6797 2168
7780 5258
-4206 -3494
-772 -7724
-9916 5796
-8731 1009
4995 1477
357 -3513
-8001 -6913
1183 -3923
-4729 5286
-3972 -5967
-6930 8940
5799 -4595
-1442 3638
-4194 3217
-5173 -8293
-5435 -6414
-7786 622
-7230 3793
-5198 -7701
128 -5961
-3122 6150
9237 -9514
-3437 -1122
-9484 420
4453 1835
-2873 -3456
-1699 7524
-2486 9279
-1152 3211
4919 3320
3259 3675
-9351 9484
-370 5473
4124 9771
-6190 784
-3066 -9395
-8909 689
5919 -3829
6592 -2346
5841 6435
9331 1045
-5079 9321
8600 -6016
7195 2435
-7892 -2552
7475 -1534
-2049 5367
-2808 8125
7896 3933
-5283 7669
8274 8059
-4900 1652
7823 9365
-6629 7371
158 767
8165 5565
4886 -4159
-175 -6914
1874 -162
3638 -2980
1839 334
-7947 1113
-4410 9790
3723 -4403
-6734 9839
4250 4792
-3556 7892
7257 5702
-575 -9380
-2261 6981
-1102 9583
-4576 -4096
-4657 -6216
-26 1601
4973 7217
-2449 -6388
1077 -3188
-7046 -4044
1553 3020
2859 6677
-2178 4820
-936 -6539
9163 618
1238 -7326
9655 -1412
-5477 8978
-8766 -5095
-4959 -53
7900 -3423
-6206 5015
8627 2873
9686 -2303
5 -3944
9076 8992
2022 -8441
2731 1935
1748 9844
462 -8205
-5531 911
5851 -8299
7031 -9524
-4619 -9626
-3327 8265
-5157 422
-4563 -5427
3799 -5011
-961 -9584
-3527 -163
-1171 9044
-9397 -8099
189 -9149
-9305 3334
1482 -8063
-799 1158
-789 5951
6428 -4948
-4573 -7406
-9141 -8191
2232 -1548
3026 -7946
-6604 4021
4438 -3175
3014 2435
1479 7263
9164 -8157
-7305 -1565
-8231 -647
1291 -6610
900 3251
-4445 -9508
-8104 -9889
9057 -8017
-9856 -6325
2128 9917
8323 2376
-7250 -8494
-5317 -8281
506 7188
803 7697
9540 -8014
421 -33
5673 -7765
-8022 -1458
8146 -6684
-9840 2878
-658 -6299
-7964 -7944
-4268 -1601
-5332 -7820
909 7860
9366 9344
7415 3659
-2801 -5951
-8254 -2078
-92 8002
-5679 7638
6226 6681
-4777 6346
9662 8204
-2566 9721
-6578 9822
8231 3128
7880 -4542
-6009 -6037
8175 8900
8244 4900
-5089 3893
7942 5660
-6418 2110
-3536 6040
3678 -158
-3477 -2863
-6516 -3744
-5540 -1902
-2180 9498
9321 -1753
-8625 -2406
-595 7552
7867 9255
4508 3396
-5352 6042
-65 2752
-5236 -441
8021 -5771
6621 -1654
4540 -5515
-2026 -3349
2908 7415
-4486 1458
957 7368
-8033 -314
3632 -3370
-9466 -6657
8950 -6963
2785 4753
795 3458
-7437 7433
-3008 7082
7663 -2673
2026 -8635
-4150 4284
-9065 -3434
-6018 3825
-8365 3843
-2436 -4152
1886 -1056
5574 -469
-774 -4482
-1444 2460
-2787 -5471
7987 7693
5127 4360
1442 -9450
-5770 8471
9837 -895
9741 6256
-7178 -7961
2216 -9323
872 -6844
-996 3852
9148 8436
-5680 -9110
-7239 4723
-6465 3546
8075 -2331
-4638 749
-4891 2415
-683 -9511
5313 2904
8361 3547
-197 5150
7189 8103
5132 -1022
-1514 -4242
9610 -3996
-9207 7491
4733 5110
-3815 -4887
8659 7494
-4837 -279
6822 3087
-4498 -3122
-2633 -8069
1187 1171
-5281 -7320
4182 -451
-5996 874
6204 -2276
3482 9136
-8508 -5309
8534 -556
-5446 -7715
-2602 3267
-2886 740
6813 -7590
5497 -1371
5507 3635
1918 7351
-1478 9227
8259 -6894
-993 -407
-9532 2442
6518 -637
-1501 3024
7715 -3648
2148 -9
-1371 6249
-4131 6702
-6206 6027
4789 -665
7964 -9393
594 -3362
-6011 -176
-949 -7487
-4381 -1136
4809 -6338
2456 978
-9659 1629
-5346 -1026
1678 -4808
1535 -7631
8619 -6174
-9471 -9836
2544 -9160
175 -9325
7635 -2667
3972 -5509
4315 -1771
742 4313
9529 9718
9733 2713
-9957 4339
-4032 2189
7516 -9616
-8072 622
2992 -806
3021 3464
-20 -2037
-4845 3550
577 -7476
-3790 5330
9821 -5436
2794 -9818
847 489
-3441 9888
-1046 377
-5284 -3708
8482 -1003
-4266 -2964
7659 5998
-4808 -2338
7478 -2997
1318 8213
-1885 -6189
-3665 6473
1803 5045
9609 -1103
-921 -2024
8465 2403
-1356 6279
-3344 -4975
1317 7598
-3405 -2276
4760 -201
-7851 2329
9992 2419
5774 -2658
-8093 3822
7633 -2908
-6435 23
-4932 -9679
-782 5368
9697 -5323
3433 4650
929 8162
9539 -7923
9675 7585
-4691 857
7008 -3730
4952 6421
-1159 9158
-7148 1296
-4882 -5385
-1940 -5241
1134 9104
9425 1625
-6654 2554
7232 -5005
9645 -6957
7557 -2983
-906 574
-5489 7097
-5694 -4879
-2257 -3828
-7406 -8686
6824 9047
343 -2213
-1246 6028
7140 1814
918 6814
-1560 -1726
-9171 -3305
1690 -1862
1181 4413
-8570 1336
8262 -1262
-4165 -3124
-1651 9126
-4702 -3507
-2192 6092
5140 -5756
2031 -9016
3365 -8165
3649 7138
3952 505
5131 -9081
-2386 8744
-3118 5960
-3275 9305
-3007 8063
-6846 -1845
1383 -8393
-9267 -4659
1835 9732
2177 -7616
-7020 5995
3331 -6331
-8144 5012
2150 -3304
3553 5506
6425 -7546
-8801 -1315
-9003 -5960
9697 -5567
8849 -2277
5878 -6958
-5351 -7997
-2656 -6386
9698 -8265
-5881 5531
1526 -1773
1896 -2901
8463 -8790
-2094 3753
-4389 -3035
-4228 7812
-3503 8388
8780 -3029
-2244 -2506
5217 8477
-8481 -3395
-1392 -2552
1062 -7479
-5744 2305
-2164 -2888
5340 -5273
-1822 5715
6925 -6412
7341 -3358
-41 -8817
8995 9304
7693 5731
9054 -8156
-661 6473
1303 -3189
3416 -9092
-1644 -826
-1953 8377
682 5770
-7117 2303
3382 4870
585 4575
8163 -8439
-5445 -6138
-8602 1857
1161 4514
-3402 6745
8590 -4794
8032 -4348
-1185 -5719
-4811 -665
4861 -7768
-9391 -102
-4332 -7091
1564 -2357
-7487 -5097
5830 -5053
-3492 -549
-335 3994
-4149 1063
-8071 1063
-2191 3364
8571 -1473
532 -7249
-2968 6603
-7710 9347
7931 2221
-7881 3503
6412 4892
-7465 -5860
-957 -5671
-724 -4951
852 -5126
5220 2136
9551 -9483
-2067 -8929
4435 -8520
-3640 5742
8493 -642
-4039 6892
2591 -4475
4098 -5397
8107 523
-4585 6218
-9642 871
5200 -2049
-648 -4247
-3021 -9172
-684 6556
7073 -7801
9622 -1133
-3300 -8642
7100 410
9768 -588
-3696 1945
3822 -7918
-3315 5247
-4230 -2079
-9509 -8856
-1632 -2462
1841 7201
-7046 9920
7101 7545
4101 -3714
-5163 -3583
5285 -2474
-1115 -5540
4870 8337
-2251 -7663
4283 990
3072 405
-4348 -5543
-1270 6110
3606 -2225
5313 -779
-7226 -8026
8247 -6494
-8949 -7919
-1633 5348
-8235 5152
-7322 3204
4016 3402
1739 -2085
253 -4762
6229 5840
-3755 -5464
-4655 -4347
-8237 -1750
6025 4076
9649 5370
3696 -2310
-2452 -7576
-5495 1943
-2709 -1401
-6249 2872
-7572 -4591
8811 -7219
697 2797
8035 -3097
-7257 -9050
-8162 616
6270 -1011
3591 -2817
7611 4385
-3893 -4032
3658 7261
9685 6156
-1901 -8794
-3843 -9458
-234 1743
7152 -3740
-4607 2194
-8657 2315
9218 6090
3392 9379
-3653 8314
-6345 1582
5118 8969
3355 7246
-6786 2729
-10 5814
1970 3224
782 -3973
-3431 -9930
-1835 6939
-6801 2687
-5118 -8331
3984 -1408
-8965 -3775
-8044 -445
-2131 779
-7638 -5344
-6375 1524
-4878 7480
209 6980
-853 -1664
-8440 6552
8931 -8883
7539 -1306
-4367 -8147
4540 -4296
-6275 -4816
128 5774
8352 7710
-6383 -2485
8295 6660
-8684 1486
9362 7009
4489 -5058
8274 -5516
-828 -8950
3954 -2579
-1461 -2916
5778 2886
1091 -7570
-5513 -8589
-7053 -4369
-8594 -1788
-7726 3075
6943 9758
2770 -4109
3729 5238
-1401 4087
9029 3091
3927 9440
-9510 3655
-8923 -6901
183 797
-9965 -4032
-1602 -7687
-6276 1126
6757 2885
7450 -6977
2451 4515
625 9724
-4384 -606
-9016 -6604
7483 9345
-1211 -417
-977 2864
-3481 9068
8520 -4135
6662 -2404
-84 -4945
-2631 3049
-5825 8315
-2448 -2555
469 -9067
1800 -4998
-8921 -7080
-1334 -7574
-4178 -3305
