97 98
29516 50882 18378 7067 33858 9461 48793 69475 41247 94609 32916 20796 95361 34115 26049 73863 59173 59237 2786 23911 96502 3387 9220 78220 78864 72275 73365 26902 45714 93022 61124 32508 36168 90394 21227 22904 7877 70365 64382 46852 88359 69402 65005 24602 90392 51791 87360 3069 56903 10266 94975 38245 12596 12208 23596 15154 5847 92490 65157 91012 64281 1391 62739 88704 63697 74256 57343 63088 75487 46084 67844 84328 47150 54686 46939 22027 24314 8381 62833 93886 54036 14481 95773 55548 67928 44778 84872 2319 61008 67197 23991 65277 68187 88877 47533 97422 75060 13632
59786 65871 78717 77025 45310 4062 48112 50643 29072 7170 45970 50259 23964 14256 22112 6213 10310 92468 91916 50328 97373 32233 59315 73326 75670 15029 14457 55762 2765 6950 92752 9292 75634 75782 35287 53425 92994 94040 50220 1163 16330 57285 62226 9130 61260 95708 18425 4768 35537 19083 80601 60651 96669 64778 46271 12019 17239 80642 59133 16717 80849 31597 57890 39141 17092 37936 7033 20410 13462 14216 27912 28460 46176 1524 86436 52149 42085 84431 25096 89804 11374 76314 39116 23785 15721 23237 46788 34251 44629 79956 30042 90405 31066 26512 80255 95104 30520 96250
28927 65713 6195 95392 75278 20244 27374 71536 26120 10752 72039 70219 41216 58191 39454 74731 16332 37742 90169 35427 72264 17609 99138 96393 36418 94429 96050 94031 99421 46671 69785 42779 88513 43059 70755 32759 16726 38762 46663 26180 4864 29988 69091 73311 83345 28340 48681 95139 13138 91540 71541 35651 12693 57477 61833 74287 32669 20878 5357 47764 47776 12261 85133 49048 26397 66385 41790 26655 85383 70975 89876 51037 21652 27223 74075 24168 87640 31419 8190 50917 61452 18448 12010 95781 59703 17466 92121 48365 82441 38144 85625 91388 62805 29143 95226 19558 44432 37805
36443 32289 38134 74452 14568 56551 38269 21190 36932 40365 47528 70474 60309 52471 89414 3933 14426 7555 86437 96862 67121 36772 3861 34125 21169 36480 17399 75856 55905 15861 73460 47316 16543 28661 30868 77301 61447 31244 24667 57026 8845 17545 91983 61004 48316 20291 4912 26216 74073 75213 11896 81882 11424 57408 5560 2 4469 33932 44709 13516 15110 93313 63252 13858 81844 8632 57375 79249 34201 25193 97624 87266 89421 75343 16428 18724 58345 91287 71962 49550 25719 70631 61916 89629 15091 12978 71294 86564 93233 824 61404 24921 27602 79891 17673 95362 12988 46584
38082 32972 4688 66157 987 45721 15316 59068 81157 11237 33446 63207 12393 13550 38216 77037 48971 98155 45250 7948 74371 12499 83158 1857 27935 74583 88179 13628 59391 65840 63060 95624 25082 7200 14110 26195 25775 38052 10522 36235 79370 13549 91863 62419 85934 30692 26828 59754 91714 76257 60052 96834 41628 44601 75460 31824 40386 58390 73682 62390 5881 68758 55236 72774 72912 8825 93317 33828 5860 33258 74729 90100 38778 72397 73226 66216 40436 57994 28094 38970 21623 44345 10142 89277 9161 42748 82139 90110 81249 24843 82980 54615 65629 99826 97541 14076 55753 72496
67160 25153 44559 32710 21869 45960 91111 41441 78526 80651 82653 99497 29751 6577 92218 19798 58500 6085 75395 51046 49512 57259 95425 61288 40603 31624 52074 10432 70431 13911 13528 22291 19817 89003 51308 76422 80077 7932 71659 69963 68660 16105 43695 87024 46944 33567 12477 62526 3537 41115 82472 40534 81699 73479 50400 3480 22741 67264 91369 74116 71301 70461 27077 54717 78749 78821 19512 8916 49949 27768 34890 54160 27411 92291 83990 80260 49020 77495 91460 88000 14363 83679 63804 93106 75264 90821 10102 9703 48731 6560 51005 87388 26329 5166 14618 92794 70393 25375
73092 34358 65169 64713 12564 3217 91911 54014 50071 57746 38921 87708 14559 31410 31546 61142 55142 94029 16741 8547 863 99930 40686 95376 23279 51056 34460 46137 28461 55064 38012 28739 37551 39692 94396 67548 12026 84782 79879 37511 80257 90378 22351 84118 33768 80110 4142 85916 44210 79435 32641 63669 59146 1256 22119 10615 19861 30052 79294 97368 17946 795 66456 32921 31736 20589 93453 50006 95334 64095 69994 1729 65955 68091 41466 83720 93594 84260 77465 46469 72701 60349 95011 28978 2842 33981 87834 20332 45977 39955 6995 27847 64706 21513 4510 21800 60937 10456
78419 12663 81171 32128 89699 29102 94180 78503 39598 62535 61043 92212 74476 20096 32429 40607 39035 23431 9059 93624 8474 59978 22661 96509 71647 58033 45539 41434 98455 24946 64978 51969 48546 95719 75011 28336 70223 54829 78209 12161 32242 20264 93891 83952 70487 84620 99546 76006 43732 77241 35935 40228 24651 32557 53876 90677 32368 94141 77645 55627 15424 18027 38190 36970 98638 91867 63087 43489 79581 47540 37348 11332 92457 21766 22490 8050 44783 59508 98845 79373 76246 7100 6741 48472 86668 31903 36367 67179 8833 33330 66641 30987 9823 9665 19988 65920 54337 94666
82037 60586 7822 24736 90559 76471 38219 95907 98702 73788 41165 83951 52380 81747 23847 50057 3533 38772 56585 5925 56384 93197 81945 92011 13787 94572 19470 82132 6503 18645 78559 39282 85263 99882 24961 13698 39639 23258 67267 13038 22919 68194 78855 61397 11027 42517 68242 93200 33781 24253 55506 48142 74466 30008 53417 46121 81512 75949 15182 58732 23150 2420 35654 1998 97885 19587 59855 43340 74038 79119 35865 24985 47516 20118 30713 8512 29390 42061 16072 59087 81177 76923 67673 13819 48089 1204 393 22126 86002 40507 97310 41353 11259 58903 20280 12353 58980 59057
30764 66649 49745 95545 29241 80343 42514 49172 69973 46890 13815 32931 69751 91982 66944 92123 32394 96148 85517 24646 15918 23231 38405 50320 40330 59672 95557 81423 19203 87728 43817 80532 33151 36356 82218 48493 99862 39662 83612 62096 80795 43644 65471 30882 61310 89077 98292 28139 67131 48152 79418 10055 57428 59765 59104 60938 57911 33185 46462 44153 96619 81047 5579 88801 96506 96613 8959 56448 77411 16380 74723 73393 2466 20224 34879 74028 55820 46982 14062 2462 76475 17666 70442 99841 11475 74853 11852 26217 80106 53420 27207 60589 87709 18038 36825 26809 38646 91797
64665 59268 63151 98352 86156 85120 60363 62807 45487 63612 89475 63773 5820 80535 99477 12291 11649 38781 88653 90617 62267 2499 9477 76797 25743 6279 64170 18392 14336 77926 32041 35980 47001 84117 42177 18666 45229 32695 93914 74550 27901 53103 22872 98372 11524 83768 22389 83697 12610 96784 40181 489 69828 99629 84226 67320 68294 88843 28619 95015 1874 17102 24899 14790 1546 76140 35481 37885 51453 38119 10702 34785 99868 8169 33572 35441 74387 57912 6381 94625 52034 94673 68624 21572 59681 15951 72335 1195 36791 53798 93373 26425 52513 37848 92029 44794 49149 82375
77187 68779 70666 42048 66768 5443 70210 68384 728 7187 98013 7842 21717 13778 67266 11764 96041 76936 2582 43798 95630 86142 20555 4561 88800 81253 59621 75102 93996 46705 56061 19686 24795 70653 31213 39083 40998 22158 77011 32856 66034 87602 2239 75829 52337 20192 94374 22383 94113 28347 4252 42654 94834 15716 8224 33000 15177 19486 13413 68398 20359 49947 41688 91687 82505 80752 88539 32750 31199 3168 50378 80444 39751 38060 94967 6960 20360 39826 23874 839 21085 65932 63122 46323 30170 80118 33264 7743 10711 40233 61296 6900 34630 45399 15048 85316 57737 72214
54985 18933 62738 96600 28764 80630 50785 78999 25874 38074 71716 72658 48798 90945 49878 21909 96617 5745 65258 325 30504 4577 66738 25283 66829 51500 57798 26679 66234 89569 14796 79304 21620 7249 50813 11215 96123 79805 63246 23377 23250 47364 22206 44916 12634 64439 93735 25311 34233 95735 78004 20747 4739 3478 22074 53753 99777 71308 91191 60448 60951 83135 5294 49415 164 8603 96751 99997 19134 63033 33103 87989 99700 39563 71823 83777 52602 34421 30820 95865 30585 10072 27559 85660 42181 62793 88885 21397 79383 46326 27168 6273 27519 39522 87290 47235 94819 91099
31060 54758 39892 32702 78279 70514 7293 88490 61545 92383 92598 4788 87232 69560 95267 83460 41002 4166 10781 36285 39096 9408 62542 91859 47851 8729 61086 55332 46285 48223 14396 12003 9750 57725 87863 7724 22014 17657 93816 76924 31844 13194 70293 29146 82940 53979 48627 35569 13481 24341 21388 47266 42563 5687 15272 91866 57896 43812 96530 29387 3669 28148 2917 94791 17137 34609 34814 74294 73960 97411 51278 54803 12879 60177 84694 73799 53870 76691 33924 48518 23247 15633 80833 76861 13763 96412 17750 27300 17398 31752 33331 62882 5475 26455 80797 16359 66 66696
7810 3596 834 56490 71880 61239 41690 58161 36594 60304 64670 64561 86730 71951 4488 81087 80514 96094 17811 38198 32146 31578 20788 11752 44545 52318 98025 74410 35795 44628 17375 19683 60898 2865 53933 53200 98119 57242 15797 89748 60580 28380 94300 39859 9425 87786 51027 18532 43836 1814 80567 32846 47052 9674 96967 48578 93466 33889 82311 33403 36390 34012 19258 25999 24892 14306 83692 20690 57574 19536 78711 45202 7458 8264 68023 58669 81090 95617 36374 9568 39561 42412 55253 63825 77585 52225 79821 86483 26788 27592 94003 90727 16978 56398 13826 43053 68668 17455
40608 21244 66951 78436 77814 29448 44653 64031 45745 2889 69867 25582 38681 31189 6310 19509 98236 82151 37542 76834 99610 30793 17069 95949 22859 47894 75247 13733 42431 31340 35265 90296 94770 83525 26349 84585 32666 21735 86015 97291 58521 67034 85112 77950 35848 69541 28076 38814 21134 36977 79986 12968 2141 13107 56458 39987 51679 50266 69163 59596 39054 55205 17248 73376 3580 2470 74783 84925 31786 99225 63646 93604 18932 27502 54458 27277 20037 89543 26044 51409 33385 32976 23118 79299 83212 3939 6374 46292 55854 27170 5206 82963 13104 98855 86086 93116 12109 24025
4747 3660 58839 57317 84523 16491 99406 75812 59889 2261 99627 53029 20656 98842 27266 43572 31532 17106 10273 29670 70929 60591 68362 84217 89484 52574 61252 44670 26334 10651 24543 46688 57860 96143 47633 63758 40354 17041 29231 28035 84964 37963 36760 39135 87089 99026 38114 1544 31981 69232 63793 80916 645 17924 47334 57620 13503 66511 13524 5945 77841 75131 1340 9095 81558 86058 92750 49267 21843 1094 64129 57990 24366 12624 43471 67743 311 85029 2445 13947 81733 3985 81018 67405 92737 30548 28082 79515 43078 10569 2256 19917 95101 16875 81709 44067 7550 53853
16814 12210 13321 3133 54200 1251 84665 19530 926 84277 28642 30567 66323 1426 93242 41272 21192 12300 50169 54467 64883 57475 79559 22772 94152 12394 64226 7986 1265 43723 43951 88671 6617 95156 79741 51457 21549 11768 3820 62581 83272 48014 67725 62044 53325 32737 58415 67119 69927 98600 2235 40147 28006 63513 30698 58090 91124 13098 90254 92727 44602 56742 82003 20774 78181 12374 63666 70523 25244 24035 13355 5410 2232 74450 83400 25256 10622 74671 22056 12122 11137 23686 50471 21696 61350 41300 81873 67421 79064 6954 94469 67850 34303 32178 32404 74896 41492 46356
38671 56440 6824 42049 93445 98914 38887 96188 76025 54089 3142 52141 73552 3369 16391 46778 54799 28358 53245 31282 78054 18591 92293 41257 5326 305 68511 9108 23286 82749 86049 92640 96709 84733 29073 61996 63633 59158 50376 76458 35869 79835 17029 26164 64160 92805 79196 59029 9973 38130 32471 7890 66566 31799 63001 94963 98258 79021 87821 44062 8451 44725 12690 57999 99246 37721 28673 60237 49804 79165 75598 34497 89496 34120 98597 95075 85147 29906 31339 79347 95574 22012 36258 15501 7713 83476 52861 83599 90166 57386 29169 68722 56075 43524 55115 46661 70450 15488
2539 27750 11831 4130 81815 22397 26979 77988 39389 46391 22129 41179 1694 86072 59587 11593 63247 3266 85400 23970 49599 14612 82338 45614 64379 58046 89449 73748 41559 50816 17618 75848 40722 72590 49199 1648 55124 95032 98714 58546 46087 91025 92012 85439 3578 61207 50957 23309 60214 37175 73623 70383 26817 20520 33517 98281 9192 59811 59314 34474 69625 73557 69606 2690 5877 83805 42235 31975 59906 40364 30393 6495 83309 94116 98198 75517 12550 32013 41067 84234 72096 84402 66199 97704 12225 77795 22915 68682 40323 407 15028 22110 99201 6891 70127 63528 66219 6326
18355 47670 90130 68420 19238 94464 39048 98308 63146 93282 58662 86388 33755 59232 86543 24504 6411 73048 21353 66063 29907 73257 59711 32901 21770 14108 81984 32943 35739 90825 29538 66581 58615 15555 53603 19104 96122 20172 91351 51019 11532 21759 13943 70354 38972 44971 77534 81065 23624 82851 9800 12480 17040 71117 79820 52349 27125 12540 38490 58080 93332 3937 31020 21839 51398 43498 96788 47033 68446 12541 68498 82968 63106 51654 60839 3978 46586 546 94311 11519 55804 41136 21026 44147 48019 27365 35855 44563 91560 30436 35364 20175 35054 26792 80641 12797 72188 5621
78050 23566 47641 67215 49331 29904 85008 43365 65265 73887 49085 49310 28161 80368 9502 58511 76297 38670 7103 70576 29357 11610 13907 31251 24294 81311 81448 284 96642 42084 69008 98602 12713 23152 609 18474 55147 45147 69520 82520 31383 81852 77282 12757 19282 78617 61476 13037 93539 5017 7883 4909 78685 40846 69278 93945 19386 27914 56063 26243 97045 67434 83178 34027 25487 44172 16984 74721 2707 56612 92962 84683 95506 65182 47731 96137 63553 8434 37780 25438 40366 59707 67887 66019 34823 94632 43675 94445 69522 31622 95863 7361 34884 37659 33139 81628 54196 40641
60718 82742 24332 38336 97644 69952 47353 56734 28771 42274 15496 29026 41915 93256 45220 48225 33870 13998 74688 20642 99452 61245 62477 23875 88628 69090 36292 98340 65422 87697 29465 130 95665 81782 20605 45582 27469 45570 27791 95335 84730 73867 15458 58913 22222 97876 62866 33431 34097 90048 8979 64530 7615 80597 8577 50851 54455 63063 30100 26535 72764 87355 43457 81475 37797 52259 32959 68604 92384 34954 94088 53687 37701 99091 40826 25088 12280 70427 13228 70741 48854 75755 60176 16779 95959 59267 3547 11127 69036 68000 18928 15222 95455 24209 21424 44480 83961 48128
56327 50680 27579 27084 54795 58005 8791 47798 4464 61019 49459 19179 1390 73133 94919 28760 66037 3679 89920 16935 32494 93326 36110 10038 34002 62102 91903 57577 9 85786 74914 57883 23594 49304 37212 27430 79120 50257 73132 76183 90600 76607 71883 6715 13166 82554 35943 3854 87952 16731 33878 96132 44102 46676 72826 86627 97880 39880 53072 56892 5442 55914 91385 61038 63212 96408 73591 39029 9696 90245 13623 30392 62324 56321 76653 97307 38825 88209 59382 10983 2321 37265 8811 37557 9887 71544 89551 76661 28438 67665 25470 41842 21679 52365 7807 81748 19066 3935
92569 15644 60308 54480 52223 81024 97214 1616 38484 32381 41701 82364 32067 12170 89436 40094 94639 35637 66186 33114 61150 90141 2526 50015 52885 84788 89150 32466 59154 91946 58787 56539 10116 12141 39146 80595 38990 51383 93490 23712 27617 10654 41376 3775 72371 1491 16032 14221 62659 51106 2118 92982 66470 97566 45045 95707 43084 11933 30734 88311 81724 4686 54254 68006 25947 48319 82652 56887 4318 93571 62820 45502 15057 62684 51165 89362 67909 30478 15848 35153 64618 15878 75296 91902 66772 47950 58891 3457 5394 26915 12219 47315 80710 27440 33056 85915 67059 28802
29126 22786 56454 24246 86010 50784 92512 75182 72402 71730 39684 79713 12343 26125 77017 23395 54411 135 73579 85640 74295 52531 94979 11433 54080 18453 84107 60667 98608 54107 31434 50339 96707 28337 41582 68138 82052 16070 59561 36885 26176 14704 27984 7256 14085 78210 9764 85096 57208 4662 65915 94830 71112 4888 58798 56032 99908 25643 45743 19023 66521 4426 13806 71400 176 19196 46385 27376 5576 88409 78523 26322 7502 8165 84950 25327 75536 27845 7721 61046 6765 63347 48577 9258 49286 59340 29006 70498 12996 34083 57234 51744 30878 19351 56258 22180 89140 32345
70363 54154 35055 18610 61463 92749 36976 78919 9019 66250 49043 53845 51788 91251 13582 27078 23471 7794 65945 54180 48774 67669 39635 58258 89595 80738 24932 11173 99126 42295 73786 67920 45503 25012 21550 51085 42247 19139 18173 35403 74611 64393 81976 43027 13283 11502 51733 566 13641 6483 86695 78421 59837 80141 56681 66910 70573 6583 62885 26072 54398 4128 79357 8502 95507 11167 80940 91480 6100 46879 94539 12935 17719 34691 75118 80713 28876 31615 24255 81215 81235 64626 82192 65948 10490 24305 80603 35241 4229 53942 40896 29373 30610 95642 3432 23820 61219 97267
73147 31242 72152 68131 93007 53984 44522 82171 96264 39250 52088 57634 84378 37755 10212 78157 14575 54768 55708 35502 91162 99084 33972 49276 86708 97528 68229 87839 6816 20265 92473 10777 85167 74288 65117 75650 78571 9868 38619 51356 91279 6087 25833 16340 84690 19367 9440 19286 57569 76775 23462 93632 37087 66431 21694 58728 16085 76199 82320 30815 7236 77853 46265 31080 99886 12714 57487 74037 72052 22208 68116 18739 49709 51937 75310 2422 33134 97942 38651 32176 17654 78150 43711 83405 28131 10891 28487 89050 88188 63414 39697 15314 98173 8196 34598 30849 51010 55498
87395 25924 1151 19878 48413 14641 20949 15162 63341 76847 35446 45900 14564 65217 17785 33682 6192 92239 76513 62511 9775 99512 16163 54430 90920 80650 5836 39496 39315 59912 29128 2788 44015 42312 25511 3694 85028 59465 19348 36291 6334 59982 39876 47970 97947 19277 18001 96799 24657 36227 68823 69879 48129 80347 14628 9443 39564 17182 67880 80050 70114 21115 50324 47853 95322 30354 96495 63066 83098 72202 19002 30471 18598 90470 90750 31470 63046 73242 35796 65300 55822 57073 69888 28693 35894 69671 52317 80779 57809 77592 16908 26909 41424 89486 97370 62453 87910 85549
6229 23975 28068 90065 36925 5242 87628 41176 17664 26084 71938 71809 93113 62371 86439 97602 5657 6071 98963 18332 83269 9783 85034 29247 7908 39429 4870 89964 38049 56429 22249 45809 64132 50176 32885 68575 73779 49089 26316 9119 60619 36330 21912 77582 70513 3496 47160 79761 35646 63425 96887 63048 48065 3502 69946 64527 65855 5388 38944 18925 13241 62895 73962 65633 98075 59304 70163 36382 65199 86872 9112 57583 83499 71721 19762 58211 9596 45592 48617 653 24012 92192 26553 87783 81365 28573 20460 2163 93644 25441 81513 62641 62125 13299 67760 91790 26065 44252
61420 25741 77070 33293 71289 56692 21135 87878 21721 50755 72069 65716 10112 59505 66356 48928 7578 85026 66862 22265 56445 71835 15360 19475 7592 58767 62439 79059 11096 76176 33732 43804 49973 40604 72557 99553 37729 11386 94851 53282 52831 43369 75996 65254 18806 38300 75148 15394 80983 19965 47409 29335 39926 14303 38170 65153 16629 99415 75899 65867 98051 12095 28282 65007 34462 57256 86832 26388 31256 47972 16652 69649 22591 64565 10354 45984 21932 85851 43420 20331 91006 44201 72223 28748 92955 59453 66222 21872 49024 50368 99503 89512 69940 90427 61893 8261 57063 85403
14310 82556 53583 90421 86751 54552 15922 99490 64179 53973 45293 55637 6377 38734 66284 83483 16333 32305 50310 86675 68584 66734 28429 73993 12829 72512 61300 59590 52504 93942 39313 49705 89718 63509 10794 62161 61221 54351 5770 69237 14923 79831 98454 41948 38866 14761 20781 11152 332 92953 56204 91688 18775 90861 37205 82720 82786 70979 14175 4693 61314 91753 6730 53067 13238 87567 28963 62908 58537 8086 35594 96711 95201 89818 96615 86701 81613 31443 75081 13188 76034 45108 24490 6438 55436 70695 98014 63531 28308 74384 91588 11445 97409 19309 56254 84566 51997 99092
91277 63376 30459 27731 81992 67902 9564 2494 20471 74764 17363 43147 96512 87236 6681 75192 8934 91858 45819 49435 24443 68407 6979 94083 78162 86418 20853 577 17943 15689 7378 54947 25172 34259 423 83331 22767 98574 32127 29769 99199 98894 45619 53228 47827 78545 34736 51996 54834 52448 10168 57903 43857 32165 78881 74278 18570 57021 58493 99301 97882 20619 96152 73806 44828 9168 12411 2886 36637 17116 75041 1197 30038 82692 68126 59399 83571 44209 27095 89239 30127 61152 87321 58901 29134 29845 52118 93406 64091 60622 23586 78156 65018 18782 4679 44824 72696 78907
58705 92044 58556 94201 21689 11454 18688 3885 21795 39580 65136 54567 35530 4216 42765 22427 4003 31511 82978 90032 83900 58295 79901 2941 6059 49724 63566 60063 39832 13397 76706 46823 22917 53295 49543 82062 1453 67727 88264 43586 1363 49633 76307 61965 31997 89066 73177 85943 25569 77902 24067 68205 82175 43333 70202 47893 31547 73815 8172 75393 17486 93683 85551 99407 47423 85657 72562 30135 98301 39952 34308 55261 53866 81495 94436 18704 14381 21781 58753 99897 14977 70185 34227 14186 29690 69448 2153 28675 66397 28112 61709 52907 64758 8980 38316 27437 12017 58004
99893 61765 8275 83667 86148 26435 14431 60772 19726 97785 46436 47193 34906 43795 74459 25264 55370 77806 6297 29399 3865 59700 91169 97810 53570 41533 18148 70434 65325 22228 95073 93998 27160 88818 45661 22581 3738 94893 3344 74840 52301 71975 45020 77921 52534 98849 17801 52621 80061 99615 27177 19781 32237 70693 87046 50145 62208 22988 20915 20253 44199 36679 94774 16055 94947 88338 2360 17731 35032 40678 89330 53491 23025 56189 1589 66673 33677 64360 55169 85332 41977 78213 45404 18454 57592 92979 39121 15077 6311 15783 14971 35334 60825 92220 77339 52307 51932 874
51476 53022 10306 54392 79041 43576 68529 80129 99878 23650 92051 75138 34915 27004 80558 84675 87172 88633 18500 17514 20397 64733 9797 43273 30884 86755 26019 23021 41281 54498 30904 85090 17379 36847 86193 36098 58199 62198 66933 97496 90596 40192 76602 93864 68580 78347 58060 69711 25226 46106 85394 38029 22636 99459 3169 39154 10001 33054 23171 43349 38763 55293 14231 78195 27508 64692 67667 68673 48760 97145 65783 81767 31456 70334 65976 96124 94377 71487 3390 26348 58978 31735 73713 12212 33288 40465 42854 4565 82729 72527 55161 35420 4694 13960 40626 56065 91448 70294
11691 96940 7915 83180 87308 70880 85467 27205 34387 62613 82631 91022 78653 8138 90185 85006 31404 4277 91363 19049 53697 97956 19151 3845 52044 24978 85749 54067 28382 17410 91603 68858 95664 74742 36846 81618 82277 51730 84070 19695 27486 69140 61731 62966 412 7630 77812 20081 49413 94809 66804 75718 16042 59863 79940 31771 97636 21352 74079 97847 30116 87234 90697 55429 29855 97591 24765 81739 70216 7565 44264 30961 60513 61911 44254 1935 77619 36492 81864 47259 98997 47796 27439 58870 6332 45004 77986 26612 9865 92326 98514 26194 22975 34165 582 39442 55300 87008
79644 92725 33902 19447 9603 94898 95028 61277 55605 2161 73210 38715 18123 25513 37176 47849 30489 13160 69277 69884 143 36808 4968 57779 57667 10743 50200 9294 83897 63371 31616 82833 27859 9460 66658 77212 39981 23794 83166 92219 47637 39818 62946 41589 1565 14059 91788 26741 60847 96634 65299 19845 14692 696 71560 21793 87921 91504 77362 77515 3229 34521 83501 73733 56751 44317 7708 75482 20559 10746 26888 49271 60336 77416 21681 53656 75113 27898 6687 48917 18985 13504 1086 88542 96459 28747 34700 85449 95488 30818 92733 4282 3230 21740 72182 70833 67337 98156
50597 61892 7052 15853 87704 9543 85742 33160 1149 48934 19498 22435 93765 29299 89967 58526 99544 46667 39858 98283 76124 88332 18900 59775 85582 12799 72104 39913 5975 88861 93821 67889 39000 59894 5332 31605 93330 33724 40057 48045 94117 61021 1305 57186 93293 84791 17834 5282 85741 35330 95052 81854 51552 53353 89706 58441 46495 94238 16282 38925 98162 86164 23511 68268 49637 65444 63926 27232 979 19084 78386 66798 22906 95954 26428 89682 14473 4342 61375 87958 93691 72210 37279 33873 42902 17856 14193 47738 44400 66025 67859 34914 31301 88340 1317 32687 58542 35501
62170 55542 94136 47691 94759 53115 11020 68702 88143 47542 95318 77917 68867 77952 85098 46892 81316 85397 58118 57517 40184 84839 27224 21396 49062 2611 68394 19745 86254 18716 87933 63053 85430 65034 6397 72350 90870 43305 98053 69476 59227 36996 6096 67102 77733 36176 16219 36700 53792 39748 38225 65986 87324 46798 47551 14538 70574 11672 99526 11527 22271 59586 93183 29738 43209 72622 2368 4181 91373 13189 43342 89615 69138 91526 67778 52542 96710 31607 70503 60791 37394 67592 29914 94565 38704 80972 40149 29936 81451 668 31319 28326 51336 38109 56623 21173 68944 18778
76908 345 31200 71125 39547 85846 34458 88430 61737 30451 27634 30873 20759 80519 75546 63185 12203 52614 38425 5603 34457 17517 36685 44833 92607 18336 95792 36196 27270 82291 41315 82686 20489 62089 43348 17912 95189 40845 32272 4882 82562 37323 54312 79540 80462 42570 15257 87960 92662 73641 33842 77342 15318 37472 24739 71367 18212 42999 1836 58136 20998 89280 79448 33018 6878 13054 90937 79708 41892 74610 70685 21308 51387 21102 97033 83849 42090 36302 90481 78551 83139 17580 57796 70344 46365 63062 26234 94604 40572 37854 34758 99887 77163 58633 74828 34014 88548 83898
74086 14772 17021 80152 4590 45611 44465 11492 86772 59377 13114 19862 31749 90876 31124 19339 80313 55168 22224 53967 10672 79283 18607 6779 79937 59284 79431 47813 94166 24970 41047 31789 51799 70168 88763 12523 10221 921 1744 63148 16903 56831 34536 93903 1882 8505 66123 76734 47563 15920 83640 28074 1038 21380 52403 32249 61080 5918 85825 19211 41418 18616 63032 28812 54266 81836 29478 2580 8647 81132 60163 67077 1679 23359 5580 13490 49755 45992 24319 58769 86432 41611 28555 3730 90321 7285 56055 96889 81880 88449 24254 52671 54225 99167 43627 59835 50113 96622
72587 40459 71496 29583 81681 48926 34535 9309 52401 97563 8549 22328 70807 38183 56587 75884 43700 10738 71744 12246 63036 94036 25933 25242 89815 95687 92873 70956 81397 85521 84324 87207 7678 21504 32445 12406 33643 23711 31644 96714 1701 95799 44300 12432 88073 51017 49806 13102 66807 16710 52200 52981 64834 59025 17435 1610 24333 50751 35317 32449 82615 70457 32768 11957 97514 25516 894 71727 66294 95206 65795 86875 58715 59475 61466 93739 64856 28983 42786 55999 6982 60 41517 11901 83498 91598 48020 43043 66816 98343 505 16926 43452 67612 18166 65501 38563 87192
13247 2322 55343 74725 68646 51626 29698 30375 34111 75860 30303 85994 73658 58761 96211 39253 90371 29347 48138 31962 35301 78478 91591 21338 8584 44457 27423 32766 20751 82044 1140 35319 35134 57927 69064 81353 88495 88853 70199 54197 96023 19947 47606 61509 22282 36127 97459 58505 17296 97342 22054 48953 6369 60037 28598 4603 20632 88432 61101 51682 99281 95048 51612 21811 68975 17868 40744 58138 91892 44260 98857 22177 76179 59639 89910 33485 75716 71126 55516 89118 31334 55325 25454 68913 39801 53048 95976 20393 59838 86738 64477 55166 40968 83078 73489 90691 460 26948
47878 55580 87088 55879 12885 44474 7421 53285 6152 7323 3215 2504 44284 20670 44386 48999 9359 61291 52962 71794 83710 72261 107 67988 34501 78087 74382 91120 98813 76972 62048 54074 80040 33804 13253 2856 52252 44898 63900 41125 3041 59856 43562 51792 70660 99641 20428 29275 36430 80985 46429 14954 57201 47795 10594 62332 20567 43141 6240 46928 18193 94177 20529 95657 61148 15827 40446 89591 86421 76741 20398 6447 22845 4307 39207 527 31030 22869 8760 84067 30171 8983 91159 80753 71236 2200 48904 87693 60896 31999 78763 82836 50191 66562 81122 14837 52271 49569
89023 85845 55546 8234 59806 92760 60864 31274 99253 78930 36075 40592 62359 53795 22531 56122 60768 80813 84259 73341 97057 30781 95715 91259 16473 33501 89257 32281 85355 68376 67885 57439 88574 58251 5599 9405 36569 75764 8048 11227 47247 6821 47268 19103 916 20 28685 5624 64212 69709 14143 23728 95309 39134 40122 69618 10177 10772 12413 27650 83698 37222 86426 70360 66612 59179 98480 29200 67287 36063 66906 4118 48761 24997 97609 40817 87615 46753 96942 12872 97560 65883 38041 8412 34673 6934 24172 14322 50056 68322 24173 31238 71899 14199 7449 91133 3969 88155
96018 23640 57083 58998 3550 61426 29293 39504 7002 74534 52010 27654 21390 28668 30480 16252 60517 51513 86227 73986 54797 5241 20078 62006 65946 69041 93961 78810 25075 46453 16931 43679 94349 64557 41567 97772 58277 39328 10846 91229 82125 91627 20734 12787 68244 63615 57708 81712 4021 47899 1066 58319 34901 57464 21205 97904 16723 93697 24569 78405 73024 82246 71175 13728 17454 5038 84210 62172 80250 80478 84562 65395 11496 61764 91959 9234 40170 10993 62508 29065 16348 8926 32992 77581 68920 23999 18114 29438 90426 90534 66350 98952 25222 9373 48894 95622 56040 85732
34909 66101 94749 91757 19948 65108 10612 66417 66341 41800 75885 33849 15708 22115 35787 15606 55270 63438 56634 56745 33155 66929 94544 75486 92365 90868 11140 27725 62352 8552 22724 90199 55030 8448 47760 72033 4401 66512 97168 99502 55336 13497 83191 92861 95204 12488 31643 41520 31327 51271 4731 77707 23006 82563 13171 97338 17895 877 64770 35601 65160 15536 71223 39133 6595 72689 56012 66711 45988 35531 85752 28067 6552 19412 91675 5285 54579 86334 3192 53374 73563 17746 4218 14531 40037 21015 42229 65768 73441 33193 48729 48114 60015 22166 14072 12980 83722 21731
19791 22329 42306 2203 1590 56825 76138 52620 61073 76467 66499 91836 22028 30655 37913 15713 78638 83717 20502 94258 18954 18269 62835 53348 74134 28564 61882 29796 47014 63387 1786 53907 37709 93643 5042 22655 32752 37432 67606 44076 9096 70776 64855 24284 48269 3185 97971 11411 1031 60474 2811 38032 95177 9021 63787 95430 59451 2063 43256 56301 97654 17699 88563 71675 93456 74479 45065 4093 53605 39227 66174 44312 60035 97467 96931 53623 75974 6258 65483 80559 17554 56824 70008 84757 19952 5744 30658 88284 99956 42905 37530 46715 88223 39796 1960 77652 89069 9449
53962 37272 17911 32183 99262 97177 9490 72506 88735 36994 97961 22687 98569 10058 79436 48436 86512 61497 96128 8119 14609 54231 47054 27309 51514 6224 81193 34179 70238 53572 17362 79402 29622 45826 72931 28504 5762 33516 94957 4064 46148 2854 21481 49741 97718 35261 18770 54676 16459 47023 99101 44064 59934 62321 93232 13650 37521 67641 53422 81708 19395 46020 57461 20615 41425 16493 89274 54141 48602 71273 43756 34161 34805 98538 23771 70285 95246 2025 89525 20784 1629 42073 91677 71757 40082 63924 56940 68437 3797 61966 55985 13794 93184 80894 6986 69734 77857 86427
80128 5604 62965 35582 18842 87508 45078 47621 19963 47360 46902 28637 69048 65388 88055 88312 31255 72427 33973 76364 87523 33369 92945 72606 50606 15818 1954 97969 77333 16911 63761 54992 10197 49439 99761 42075 41569 6850 96006 69720 93706 53855 30398 23508 44941 35817 96928 44673 51690 57010 30573 58237 23297 16564 95136 88161 27427 58398 47884 90528 95014 50561 28532 26969 54355 62664 10563 49483 29474 13089 60918 21145 94976 29052 86548 60856 27079 20661 72805 60624 9535 3021 46605 63783 11819 18196 82647 32748 90326 12456 67324 24198 6622 43983 4782 32852 26267 75034
90164 19657 47722 92918 97487 67212 20549 72401 99166 59687 3043 21742 81956 12245 76624 32982 54421 51185 91024 45705 36245 99758 99451 25773 20922 69044 28482 2910 14065 40396 94061 63297 26950 76562 1289 3919 84976 81917 98895 39566 50512 45210 75491 2704 43287 49841 52783 20395 30307 22345 37159 59127 10475 56175 68807 73791 18768 81308 27445 22167 69796 24522 25757 96047 47832 6526 61400 5225 33560 81339 80526 47069 79138 632 32826 37453 49026 7936 47319 71369 29365 88708 30215 628 63448 72791 86867 13204 44873 48521 56225 26121 62212 49732 19069 86823 71197 76823
69086 51469 74186 1591 32763 20906 60406 64258 6949 6786 96573 8725 14546 26714 51565 42737 67595 75294 63851 91587 95251 96346 86360 26683 15218 42217 23829 18357 74098 53331 71879 8993 97724 22004 9123 3260 60548 13058 23930 91537 14341 97952 36274 61793 10700 80834 26110 83374 69608 44310 66834 51542 40912 4872 17046 81725 38232 97964 10952 68729 26747 1654 16015 19488 34742 7447 49995 48840 23888 46924 64948 12479 63285 17862 63887 60521 14623 39542 84709 4563 59582 92795 67012 24289 15275 9835 47459 78755 49565 63045 47698 32946 13966 73558 15137 72888 59199 95544
67945 73566 15799 19085 96972 46370 69143 11692 71533 19159 29464 76456 55547 65361 80606 24189 63744 4944 13951 56648 60088 59493 19806 34867 51442 19187 67242 44539 57804 96979 64874 34716 73540 99022 70350 27398 35181 34722 26116 33198 22118 7162 80799 45470 36656 37756 69198 74266 6750 98783 22151 36334 87856 49624 83249 40808 23534 33200 44127 98377 72201 45302 1764 53117 96693 48574 49701 72285 33338 89773 40854 5789 41327 56685 97196 50714 64570 3566 97766 66666 13666 49396 9820 93846 26928 3024 56649 28640 80527 50709 29800 37618 4217 47906 10812 95795 78662 35339
79495 64437 81400 35470 40326 3202 68608 50987 46866 96406 60850 53181 77569 96066 39465 39721 76644 70495 7802 63005 5839 50401 36860 85174 34215 56959 66643 56157 69158 4620 56214 51418 90106 99748 70916 81651 96739 89670 51087 14443 35737 97292 28767 50045 14252 60210 11757 56504 259 72116 72766 53820 18758 36254 51272 4291 30705 20819 82543 76278 20575 59558 90630 6815 49516 71882 10191 87631 9856 98032 59646 60836 84004 50301 2933 69859 63485 52457 41200 32665 29234 60429 33069 39092 9228 9175 82526 71371 97199 38932 43579 1947 3054 5981 17077 54238 4972 7714
3563 47485 39665 20239 12385 23506 63158 33569 73637 53702 50619 25217 67604 11696 37923 65369 76526 64568 38964 63817 75998 64217 18106 30753 96051 69631 62986 7898 61984 56276 71406 78021 55316 18048 96790 91665 41183 91774 5290 14174 59364 50357 430 41360 70787 36551 86817 11626 97197 79255 21805 44354 98342 96764 34539 36687 1176 61742 18555 75837 5136 4309 77467 45234 70337 29285 51483 19153 50073 76284 64821 25437 87352 2527 81514 35196 23468 61198 61686 92866 19307 60079 70950 14758 99548 88454 63739 89823 64669 42541 16029 58370 18223 38615 77150 24875 57112 42616
91527 23737 44713 65090 63955 28178 13684 35362 96917 78334 30862 98289 18589 11243 86383 587 68651 5091 81444 81278 67742 84836 86314 86448 2101 28976 46330 19863 61166 55743 67247 36722 57868 58428 15253 58318 72982 40514 79139 62038 71852 52987 88593 77118 68714 94204 93083 16304 43744 85965 94610 5430 75043 34961 28865 77934 75571 2719 30098 8682 15512 36673 13827 45337 81414 61798 2995 71766 94617 20282 29287 30802 10933 72155 62951 47379 85869 85868 30700 75964 17503 40087 31364 51000 65084 74699 19137 61752 55821 25780 53368 26226 31759 54410 90174 35802 56954 51092
1026 38851 3467 56030 49041 63691 4724 42245 52930 74946 96768 44859 74597 39612 71376 11909 5101 69272 94566 25521 73704 38480 81938 47031 57985 41529 44698 65461 24218 21534 96820 73721 91510 98866 62800 89882 75423 35258 38167 39278 69396 23916 88360 19968 47667 82465 93469 9500 59797 37038 76940 28813 56052 10601 97144 78794 70007 43559 65154 34806 63476 65917 11592 95645 97456 5159 81908 39648 40007 42683 29204 90108 21988 93893 32462 66288 99565 64138 11560 20107 35974 50864 40254 28085 77608 54070 14634 264 42991 25016 77502 44985 5823 29296 52879 68696 90414 86146
30164 1082 17306 25094 5815 96177 52821 81469 11013 61654 98121 21617 5546 26713 36803 37417 9494 99496 99195 38960 23905 86763 23460 84507 31259 92914 94343 44205 17203 40715 20633 7092 91204 3116 79060 61079 74772 51250 85002 74343 12345 58360 83882 90989 73159 89488 38102 69281 95302 82203 75780 61826 67162 10860 63299 51391 96682 62300 81926 58596 27118 15562 16960 30418 94827 66466 45612 88004 87494 41562 39940 80986 22251 55077 77855 67458 88387 77687 52462 12898 70578 49752 65846 78944 18705 4192 19020 95532 85457 41630 78785 90654 42095 73917 58449 76244 77251 10902
76482 74737 74682 73114 26008 93450 70121 12936 22061 97980 84862 14288 66039 45756 11706 55328 99636 16047 46689 41139 56712 37846 30614 24944 18220 77694 90918 33696 93413 94630 13878 90228 53237 32076 96798 76338 10118 15966 32732 98981 72585 25806 64746 92528 36951 18096 94815 94407 50025 85154 29814 30195 73071 53511 37957 86880 34329 71718 51975 78923 4631 93717 28307 53477 77250 32974 88690 97703 23630 33552 23056 14187 39243 40401 68690 88931 5725 30412 19786 36071 606 64586 60725 49760 92307 90281 80819 62749 69264 28902 35942 31603 54139 93760 2992 29393 79 4642
72016 10830 32398 62927 9584 42695 27970 87867 92862 85109 74147 95396 67280 46550 65981 48844 34132 33265 97352 66880 29038 51721 46139 1101 65824 98757 54226 83535 16533 39683 59007 85345 3406 68637 89781 21286 13030 24644 45191 49669 92556 17680 73734 35013 26911 92612 46068 73192 94373 56994 25497 51501 62097 2819 40062 11075 66536 69108 92613 94094 67918 55269 97221 94131 24124 87604 25290 24267 89193 54079 55493 19633 15171 5529 2936 4477 91036 70739 51535 84126 79380 92317 414 69635 61570 55933 75479 69566 2385 75333 27929 27976 50983 46223 37140 23336 50362 44874
26189 84275 79237 48054 58015 26285 37356 89207 19748 52018 78143 81441 27909 74601 70165 82335 46755 55319 81693 64760 33246 61928 76266 4710 62468 19245 93637 23188 16188 51596 24661 82590 49156 79318 21258 93048 44053 22650 35993 27793 16111 45538 34629 34577 33689 11599 59602 85360 93167 90474 69767 44688 53891 28907 23671 68239 10470 59885 12818 60120 21417 21017 20456 4765 9787 30917 83962 52876 56452 7166 92550 73447 61144 3097 72334 62122 84365 41847 79527 55400 90560 28221 52324 44156 55654 71328 8087 9945 29053 1081 38874 1889 8315 80112 38283 11710 80956 21064
6157 29045 74291 57224 54038 40509 17126 69825 5844 70706 40183 66052 76398 19310 41050 57593 40111 36464 61908 47298 33647 59305 80277 76800 11553 39001 3149 76348 42936 8772 94252 3786 53708 27029 56949 42046 12142 91055 554 11728 21546 3200 89734 25728 57505 46419 72177 57611 63064 80544 44564 45054 59823 98180 92829 22576 54823 4704 62381 56282 71522 90520 93418 24533 58495 98367 31406 51397 7006 82744 30492 38707 7541 80794 94383 9271 19119 64110 19434 78963 4772 75905 71191 83807 33845 94146 95341 18361 57488 50445 80293 19705 13273 5659 91553 89293 44099 10809
76803 91101 75417 98195 36644 17423 50165 15178 20660 69043 75315 19152 68358 39075 98853 42879 15353 19804 30158 14179 16688 36077 89866 83622 35546 24141 12912 79646 70239 8650 21517 64965 85715 20577 53591 22294 15049 96101 43440 81271 25265 69530 88863 52597 90192 96301 28566 73934 89420 42533 91851 88413 75101 57104 86663 6328 37680 58273 29681 42704 14021 38176 24047 39497 32203 96345 43844 73491 68034 61631 23345 5647 37443 51817 43781 6946 70295 87882 82041 59568 64679 85358 57097 56633 62377 94883 91173 10978 2883 57072 82223 20744 29361 94944 59487 60147 77530 58381
5160 66180 77600 74178 49116 8461 57856 46635 66269 33140 31078 87453 254 11634 15001 94296 24758 78362 47025 75342 35019 38209 28106 72307 24699 99812 52805 46417 90574 45698 11319 67975 56863 98732 17165 3048 3620 25436 72883 2033 86849 74662 75130 94685 94073 13258 84558 1839 97959 70550 85985 13647 61962 75784 39453 13599 76240 89503 95371 97146 38854 67492 84642 22476 76288 56212 89810 1399 21650 33037 20989 33778 75378 78838 25712 58285 62676 70064 84514 76160 28501 97856 93814 7778 71181 58112 52829 55951 79185 71901 12189 54735 25492 46282 16246 93871 46302 59800
74851 57869 7446 58571 54974 15060 17791 68433 23101 82072 50180 8307 76751 7087 97612 71625 27387 44705 93713 73612 69911 23925 81306 31145 9625 66558 22780 8212 31788 62681 76154 7473 41348 19783 41603 95199 28788 79622 54466 66788 35143 41391 11597 63150 76156 47230 58929 59088 23353 26846 9024 62416 67951 40088 18221 34038 19897 96527 91898 21095 58805 14054 87402 19714 33015 60516 99248 98784 16916 58472 6590 74097 97733 25599 84108 62557 21210 92418 61302 55024 42661 35136 4183 82784 54655 12928 679 76805 92481 7297 91339 70353 85509 58719 17733 54606 59246 17672
84924 85254 63238 64496 32879 38968 34555 31539 47565 82444 24242 99966 76164 99365 80076 86013 4670 14373 20622 20840 59259 88701 50642 98471 20294 28928 26678 66850 69772 22570 95142 17085 93757 40837 47239 77556 69445 21187 10581 80820 30010 57148 18238 60113 71534 17249 90661 13236 52211 70078 13447 53383 69059 50002 43561 63769 190 24217 76414 28022 80890 28607 62907 56594 35079 1737 47426 62764 84595 42007 58089 6482 63896 95694 14111 51065 25199 90724 89276 43262 36730 23418 26574 22895 8493 44594 82362 67390 98908 38660 9832 52995 20317 80896 48110 8480 76237 40991
33254 61224 57258 1218 43346 89455 92771 87717 58568 27505 94659 60288 85105 24576 73782 2658 7332 87764 83240 69529 93702 67473 14602 28586 34295 6124 64196 79419 32581 11517 53042 88064 34851 3206 43184 97534 42319 98106 88964 77375 76346 41223 40356 99454 4767 85770 72062 86412 61988 34282 45647 5423 81686 31108 95167 24696 88371 13057 98452 44476 86800 57565 16300 13845 2557 46921 11212 14904 56709 37132 49065 75490 92148 33045 52615 17353 8482 38045 31506 48572 58334 79626 77066 17495 10919 65095 81765 30895 64957 38631 61534 91152 33525 95414 81246 52388 76155 34709
65428 93771 60697 70717 90177 53263 52884 89842 99889 69338 91417 969 86758 5000 25158 63314 93627 62272 95268 42121 58957 78106 75871 38111 86513 74527 53294 35746 56443 20918 70508 53382 51812 76039 70228 26673 55759 9795 74594 52496 22468 4403 19618 32325 4389 22873 61317 1270 74570 19854 61193 41397 97741 79798 63583 65658 44179 43950 86217 1838 50534 52791 5146 58604 41793 96513 83003 63468 64001 6230 15567 57434 8944 49525 59225 81881 11325 34343 18905 38194 32918 10685 25953 42481 21688 3964 31016 59955 64871 98933 43072 40528 84242 77835 58077 96387 12780 90699
60979 93570 17396 52244 51617 9325 32229 85448 45541 99824 68143 82962 26836 41185 88295 84535 6830 81194 49703 71616 91875 48111 14947 86770 36899 77903 69659 32396 95319 52543 45955 20071 16704 99988 29887 3504 63338 7972 63871 39657 14987 50279 36145 39390 47592 75252 54425 93969 64551 41524 63812 11822 82853 70661 88816 82348 44428 41947 67954 49105 98084 10100 93459 73049 92782 88378 21490 80987 96341 46759 44197 25861 91771 72560 70140 80029 26718 47073 44579 61880 23521 99973 10319 71649 28209 86382 86900 53791 31171 37404 49265 87345 99750 79684 31170 73877 22197 81261
95291 93218 6296 12706 3996 42643 68577 69880 73545 79766 84263 48969 42248 54591 11495 772 48333 33068 50747 5114 4794 36840 40794 21046 63386 99562 14871 89242 47729 96626 96456 91787 70208 19521 55066 62454 52704 1526 94188 7764 31130 13295 18450 16375 50578 28047 38097 95059 44504 20811 61574 64873 70954 33872 36620 49770 12090 43526 62539 58265 45791 29857 65733 11105 51653 76107 32084 14978 65083 6985 23705 36304 88933 9162 90339 31588 82290 51149 30337 54096 48474 33211 65665 62667 91784 89610 45828 70405 25111 81 60148 34998 56475 78611 78320 21532 51175 84390
75451 59159 93365 60733 57800 21295 57150 82967 8278 66861 19100 28811 2743 20829 76648 57824 87139 49612 37984 45888 12084 3945 66758 90451 23932 76067 63350 88779 30029 17418 51063 60698 35386 42155 54194 80505 73402 18150 99760 36354 72013 65608 6827 75474 79954 79261 88487 56523 98594 67475 10708 21775 34952 39550 18417 26593 92086 39660 29320 93674 29725 74126 56900 42841 49424 58367 80720 86149 10867 71133 36433 88688 50774 46515 10647 5140 26218 56133 78268 87131 76344 77787 79098 15711 57080 80341 29923 71286 56090 20426 26873 9372 26432 25084 62976 81727 63901 75560
33286 15972 59255 89175 73313 35410 94513 30513 231 74965 15143 43114 50255 5193 56094 59627 53670 71612 27302 86270 37628 15796 33326 56678 59766 42182 35328 54237 27619 15254 17493 84086 86678 95129 21030 2023 4410 27324 57092 89693 65765 8060 73063 5606 70601 8141 87890 36351 68871 30070 87677 91894 90778 83776 22913 33745 41872 82956 77790 91332 68224 89052 16043 69100 60270 29040 5172 67769 90306 37454 60751 74667 64911 91680 54856 48289 5125 99838 54029 12178 34578 2389 44718 80845 31879 50724 10876 7780 71610 82225 55556 37899 27957 97543 87439 67433 22045 19691
14580 35167 3241 51069 29402 1318 47669 72486 21747 41399 91112 20340 50012 96748 48415 92489 79079 55345 97702 88303 89571 58130 84835 68015 13341 29089 83099 75092 98111 48951 91151 60154 28169 87298 18571 15747 33983 12434 6046 65984 13383 56328 568 3917 96424 47583 48856 62171 41886 73926 1535 24304 29002 6298 6289 4369 75956 58545 26244 42872 513 70884 52705 97659 40476 80807 20313 28669 4077 76645 45655 26802 54929 6347 76230 216 97198 66242 2829 2496 46400 90232 32117 83659 34008 46509 7871 81109 58687 88270 94961 10924 41950 74719 63026 39312 70575 31313
60087 75642 8115 452 76854 22156 3008 80229 3904 49948 57872 73272 90916 71586 32063 84353 25821 55817 30214 51307 9036 77230 58503 12370 81150 46382 18693 16365 25368 87462 12248 42958 70559 89873 93077 24919 73249 95851 94285 44366 36508 82642 36764 22921 7501 88765 97478 61355 94256 23651 83018 29851 17877 96906 88496 14406 33627 55895 19087 77103 607 86075 81570 23790 64578 50542 27624 86121 80055 60028 93267 68782 63493 52017 7169 90375 52739 6870 68923 12560 94950 88726 95802 66949 39201 38938 78317 73413 28014 60225 19716 67316 47815 67199 62763 75499 39417 75657
96113 29676 21658 51349 46522 13622 96875 3051 47232 39300 19064 39335 36519 93392 33750 26185 40611 65530 81966 6301 54580 90154 79690 28576 8808 7017 52629 79552 4447 51320 22478 37641 93452 82947 52356 24325 3451 35499 64968 49171 69550 32662 97962 37739 22185 37308 89130 87212 25020 49850 68960 6571 78139 21082 9149 66959 4375 27714 61 78339 40822 86787 83506 89912 93758 86091 77898 92608 36419 14413 34086 20553 95275 74644 33964 49676 17894 91406 75757 34941 73853 41635 48891 44535 29909 37600 26027 85404 89954 53976 35831 34292 99599 92102 79007 62221 99664 4422
52594 53611 78519 41213 55925 5700 69027 34268 98242 67263 3850 24809 83568 83673 6501 83581 4418 69363 43650 12087 16574 80237 85628 23892 89442 89648 89688 14616 10359 55938 18794 17972 17185 53376 60862 37604 28705 79679 54971 63816 56358 72921 8996 80471 21842 54936 92718 93348 68898 49921 69515 17907 354 20857 91685 2454 8163 3165 77424 82345 17330 66136 91621 38146 53408 11440 69737 66211 7694 30783 17499 99392 15491 57697 78770 65266 80656 81560 36148 78515 69031 43010 69355 91452 13847 82027 51857 33694 41312 74140 27360 52537 68341 54119 11338 33976 36103 50640
14856 10448 13648 55677 46504 64024 66369 99749 42687 22618 28562 85724 45916 46856 99674 97331 9486 9558 19228 28652 9430 28545 78408 70169 37857 3973 48326 19628 87592 95289 11491 45691 87832 66528 82213 84330 34314 9439 27161 82796 4706 86281 71662 72481 13587 30002 15686 30163 13376 58027 98907 20029 73122 63813 76695 59122 24776 80037 68389 98749 33881 35034 60633 22092 68817 65310 63284 37339 80910 38210 90692 22086 30883 23391 36743 77536 31496 54246 35847 74426 12934 53745 48021 3684 96625 79329 49349 56806 66488 75444 64011 97596 36737 37676 62645 43409 90450 33683
96082 54859 10666 23002 87662 92947 47952 26667 69906 19 84188 56928 46467 96043 90648 80605 56150 37448 16439 32338 17458 11858 3542 59545 81562 13428 54583 79043 43851 99959 60957 37275 48270 78120 67317 79618 35575 37376 67117 52262 35928 54988 95218 2981 6654 69742 66693 99940 20733 56752 66454 22903 52723 4947 7399 49929 43106 86117 56799 53643 74249 33421 56485 86847 73778 13076 50181 69833 14263 33892 84227 76780 60394 28621 9655 32923 90897 22103 5483 5353 36023 9782 92411 97289 14578 82779 5269 35373 11428 53816 99382 83014 84989 16694 94112 98779 47529 99668
8674 4824 54113 91396 96741 99817 12608 95854 85997 92857 78529 69586 90058 38536 12252 69079 64546 46765 81497 56691 60882 96975 99835 42352 57130 88384 73625 93447 64655 50256 47458 15840 66102 87665 67978 10679 52772 17424 95910 499 33457 43542 3188 20411 15596 66789 19276 3268 9719 24456 36182 44267 16356 30943 864 89125 33672 1136 3104 87175 53627 55518 39806 47237 54544 40091 22183 17159 62304 81263 30858 29416 73076 82343 44606 93025 41771 99325 8680 17010 8243 35485 6426 69488 52051 96208 28457 95480 71039 87578 97253 39722 90033 82670 96088 55131 85737 48791
56974 31540 20608 98329 64381 45674 76079 81631 77486 40897 53203 66001 47771 97850 61120 71109 15989 27836 14596 3124 2913 62634 66543 71360 5903 20683 4783 51447 54352 99752 87782 52498 6146 47100 8556 66489 53483 64736 71583 30389 48871 67897 13134 21822 76053 66183 37743 51928 559 83326 9672 55543 47126 24868 21758 70935 2740 24061 78709 13620 44738 37765 69310 21528 32118 17072 74478 20689 10167 37559 66424 45906 22359 38907 45213 71405 16868 76204 99196 59671 4584 2173 8848 22735 18973 90637 18278 71807 51694 82412 55035 41017 50745 48033 91469 24145 31413 79958
28055 57047 22718 93059 81252 53225 12263 39655 25202 88472 17942 96126 83000 94578 44289 72224 16469 94135 23590 95827 61711 94074 96380 51161 56726 29897 7443 52548 1588 26333 75554 66336 1595 95913 38560 40916 46911 32034 85903 56107 50379 79272 28353 82862 70195 56469 6737 34096 62317 65579 81174 87884 43201 89470 1704 78290 69540 40451 72643 90982 88030 23642 53299 82005 58877 28702 18632 28273 84605 4511 67529 82540 2728 9249 81127 23429 14567 82389 59668 45454 75515 64500 75772 5955 10424 88600 16885 85214 15888 53595 71705 335 84727 59092 75062 93094 5046 60663
94137 43385 38161 41837 611 10865 58896 69902 56695 34376 34996 1668 33203 10065 44952 59534 80143 23716 2701 73130 20361 25315 94182 38694 71868 44038 74559 21526 45667 6886 83206 917 35002 43816 94843 19271 86533 99293 971 8084 89271 22809 8670 42265 33633 7497 47495 18878 80942 43077 25674 69976 86402 80506 25266 16685 35538 47933 25711 23052 85148 33328 7224 4452 31420 68760 47262 49154 57766 2784 85888 19427 69679 7018 46855 25177 13230 21966 50201 93742 73101 63322 48749 25668 98850 29297 21890 85140 50016 69029 43503 16171 44592 83051 34583 35634 23982 5138
49464 7768 11921 23137 94120 61320 85010 36520 75799 13672 85232 68581 29899 57733 77162 35451 45222 6193 31374 6695 44241 62644 49998 95348 6724 4139 1058 83125 21798 33644 78964 6731 15431 92209 44643 13005 20739 98493 91432 19566 40190 96309 17280 30526 11976 9673 65809 98706 89146 50359 82834 16548 18753 77705 66685 22445 80837 50539 99722 63044 69757 88934 66851 91242 49874 58628 97031 82312 97182 54690 98805 64088 93412 47935 8927 74026 56549 10730 43064 75244 91007 21665 19182 14095 47486 75407 38165 75635 14165 20328 56732 84986 29084 43916 2747 21791 40593 93055
40665 67023 46189 50388 91616 37095 38539 44635 7608 54438 40825 50142 16584 78892 68352 67055 51775 72121 50275 16331 72635 44407 95681 27113 89444 18680 22928 65718 35705 57331 80280 51672 21687 47609 73812 88239 47431 5752 16553 39011 39200 51415 46492 58966 38454 84233 10403 9533 96807 54798 37335 13808 43708 45914 39802 19911 57069 89925 28352 57053 47214 8365 10995 84205 133 92113 60806 56205 11839 13491 34800 77220 32567 84886 5737 32421 19710 58943 85077 3365 86315 5534 96780 46095 52653 65808 37881 83171 28096 18803 25066 67903 61979 30853 26577 29893 55599 27482
76568 75760 35491 98819 89998 19402 47614 37525 78222 3232 13900 23065 27130 50892 80507 88343 2479 75790 39996 3970 59301 92864 72965 11274 32213 57396 61334 78322 58744 52096 58202 7646 69153 89301 2983 22157 22037 10425 45545 66349 60577 23024 58954 33006 63211 5228 58906 61949 37999 78719 41311 67206 52512 77871 10828 73907 55010 52878 47472 12184 50630 63404 34828 62319 17039 22505 66347 67594 68425 72667 18023 68471 56235 75098 38865 2951 41406 23972 32216 38690 38870 80693 9394 54571 61395 35029 43386 84068 95515 55949 57786 50041 7165 29786 19956 40527 55308 33640
3913 84875 51009 72316 26303 24193 69722 4669 87759 9465 89237 28043 52011 18661 22725 6267 82887 99242 39567 8070 23525 31878 40811 40926 60031 75941 49230 74379 17979 12129 11401 41358 69356 42006 712 64064 42057 51335 45954 40178 59852 49858 38185 24975 50185 15447 57470 80869 97491 44223 3774 49456 638 59437 97752 39544 1631 84677 2493 55151 42131 72818 61451 76698 32580 11953 53980 19340 35620 40646 49134 319 41998 33860 34554 63334 87879 74774 7814 49307 9946 12114 36310 63927 49640 46120 95210 78401 30654 79346 30532 41676 88163 78947 17174 35888 53771 65841
41487 50047 42921 97575 48604 59542 3719 60908 16205 4220 50162 71483 762 1594 5870 10665 98631 54471 98897 43845 50103 30993 92368 67748 32760 28002 73620 8038 75615 748 64872 183 41666 40089 66302 70149 41899 84563 77942 99626 78261 15523 19280 1587 94736 24339 77698 28635 99819 2402 44747 95044 79075 21073 74508 5253 50168 96491 55830 17149 48049 60104 73577 37250 9404 17349 17091 74669 53641 14655 83370 32314 85074 27591 52686 20598 96776 73305 21425 40558 83583 80001 64182 47205 5218 65134 48010 99638 73516 47877 67722 57161 21333 20728 33650 57443 62789 93139
73675 31112 76426 92588 94344 96279 20148 50261 40058 88828 69188 75025 49780 32035 32589 73945 1547 32352 55725 6306 15237 3042 11628 99073 80647 56762 74357 3428 65109 98832 5515 23710 91822 23933 29632 44940 18484 39388 47988 80676 57917 92503 52971 54980 98263 16136 77802 3676 14844 58865 29930 46239 64693 21021 7788 47846 82351 38728 85924 16303 74539 90345 93564 81243 2732 97019 37686 34687 64479 63079 48231 8546 76550 4035 56132 45641 82641 62240 95809 52718 68272 74551 90814 80907 7460 83484 92961 36857 35762 43736 73718 77224 30717 42626 49928 57587 52319 54489
31806 81031 9534 35037 49003 65555 80818 41823 59419 98571 3938 37763 37968 8450 33176 67750 14467 56746 9386 69866 33339 85833 35958 61530 59024 92380 71648 87620 58411 91188 32813 86016 61954 97672 93572 62192 99137 56683 98346 33362 94382 91673 68816 23753 24262 42313 41704 43316 547 98357 4475 66270 65769 80121 21511 48050 26689 63965 69455 95161 30905 27759 26603 75308 4990 5056 78013 75770 16092 11056 97677 26917 18353 69349 23517 69224 30260 68773 71741 41647 80065 91104 57560 33583 46357 30670 76736 48427 12287 51428 61082 68317 65009 25797 4071 9296 60588 21011
50134 37947 12443 20187 95423 37532 33513 87919 43200 18882 35043 78444 91666 60925 82971 64424 16492 61947 74212 39741 57168 26301 69701 61620 82480 17015 43544 33257 70263 67172 38739 72340 57387 66667 7588 42060 61592 26149 6518 71440 60675 13418 2004 64237 41362 36890 20542 13475 45325 26561 39301 89758 14149 18297 69791 22726 35728 63680 1756 43827 59814 28601 34359 72852 10901 99175 7290 10000 33157 31212 36767 82306 69446 87359 67297 41346 56992 80785 83801 99071 10512 81833 33852 43393 71528 94337 49697 2927 65442 81608 28098 22461 563 84184 55360 56332 68822 38066
87500 52489 57060 95796 36031 23971 30726 40559 36091 60612 60681 46180 30639 83661 33042 34905 5526 55993 51898 50472 26607 64529 11354 68295 5199 19708 9265 13467 53547 40667 14297 53805 30632 16854 78530 96517 52890 62836 16833 3776 35061 72866 70876 61091 79048 90963 85420 8354 30046 90482 42446 21502 34294 67428 88211 71816 55086 51647 7304 61597 31775 54388 4961 59417 19852 36378 22900 37057 10881 3113 74496 45064 77803 39305 22312 54115 72014 60027 89397 63526 6111 73374 90 93803 69204 3175 8454 50342 60442 53156 22567 73723 65420 51441 85302 82429 53546 87514
61135 29589 26643 3689 38836 16690 82337 14802 11973 31611 25061 46916 29004 12551 71063 74010 11536 81826 93340 63858 20722 42024 94316 61330 92408 87515 50120 58454 29224 18303 27856 74900 13813 46768 16265 55757 52404 63412 16466 88364 64133 81905 75108 47258 10748 11389 8442 94559 55992 29196 26088 79572 69568 53599 78079 66096 40585 12530 44880 4341 17481 80569 17284 59195 42213 1739 88959 37164 6384 43432 94889 17649 28917 62426 34841 84639 29864 52239 47404 8789 35229 96429 74913 83453 94818 50562 16311 72387 77300 89252 93110 14048 15707 33386 18567 89848 14955 40304
56142 67262 27353 27154 36159 50495 70974 93009 97611 63685 18287 73146 26943 89692 93000 10704 52735 87117 78955 80247 21209 40431 1009 32030 59695 60024 23931 69895 17313 26697 4696 74746 88806 34524 28372 70155 88969 55810 43323 32857 22994 78878 35522 85293 21489 50739 62854 97983 42307 15136 64884 83708 80566 39919 88103 7459 22973 49038 19709 76232 32740 11369 71694 84441 99079 87287 91035 38291 83214 5672 38819 47639 29770 38752 24433 32905 22331 227 70981 48007 94236 16211 2060 2635 66927 49386 73766 1727 54984 7260 82694 3688 16109 73542 12880 39732 29639 54963
33521 63606 28753 36740 90399 88900 23777 63124 9618 47916 5513 38346 89279 19108 26975 16294 43908 68288 64028 77046 15557 80735 31133 99329 70541 81354 2378 80085 2855 28632 70827 34620 53240 81695 34774 90628 65680 92469 86449 70227 72389 91451 78880 91210 74246 43683 37004 93361 48336 66754 98692 89722 11269 80035 35904 78285 36666 30201 58624 95160 93114 52105 92338 91945 8327 20741 99849 87058 52563 38868 37650 7786 83747 97621 49164 79408 10750 15374 63541 24126 83488 51517 71745 54513 57548 30326 21628 41763 99375 78572 35367 23249 88905 21936 13096 57061 67533 93187
87077 37665 90615 46459 54501 85229 55961 52478 47586 32020 42118 18989 37762 12604 24591 24540 90223 24935 17253 64524 92951 29969 98238 48434 88482 19496 37531 96554 23210 75097 6141 8985 5329 33810 55213 35221 41201 16812 76692 7736 16936 709 4652 15652 90723 80020 5505 80929 75364 37378 61104 4005 4103 71018 64850 7662 84429 97106 41535 55681 12736 88240 25659 84530 22788 20805 19747 46796 79983 52479 37711 9136 50004 75439 13520 17226 62464 15293 17622 10962 27195 10760 24472 55324 42343 80631 49082 88519 9950 50781 94151 92704 1411 60146 13764 19039 10095 83474
59175 8991 66901 7891 54242 50225 84601 51216 23571 96283 72916 15731 60606 3088 93889 73387 7205 7683 93963 12461 60621 43396 74390 7735 28886 46851 61621 16521 31636 92621 81661 39789 40853 55686 90715 37902 25869 10890 38952 35556 85017 74915 78151 76145 44266 75762 90926 86139 51252 75236 57920 34223 74374 15401 65943 2893 37736 84853 99698 28841 79651 4615 85259 23003 97821 76979 89159 67695 24740 43707 67660 10313 14624 92731 39381 20901 77288 16016 91770 86882 39527 65889 33327 65655 47250 92449 39698 98438 16834 56716 22745 40888 99077 87944 93339 69782 19692 84691
