87 84
10731 15280 52757 83326 97254 57687 23814 24372 63552 43704 88732 24644 48269 70704 85721 30720 39342 33446 8428 77201 7359 531 85683 14713 22658 86589 82680 22423 11895 61283 36083 24786 44292 2144 59964 20841 51550 17873 16706 45926 78598 44423 37152 28620 2854 86577 62794 10172 2057 71753 14132 54044 19761 41348 38955 93846 72387 58887 58199 49564 67739 2256 22281 34014 13417 57583 3239 268 4091 76507 26277 60347 5617 48870 30207 96233 64746 10512 4171 83244 95052 8358 34978 7994
52198 63789 42125 46099 10069 74868 61967 66730 84579 67551 61540 36793 33709 42195 57784 71308 97418 27674 55686 60203 53913 2772 4798 28240 76010 74655 33334 7377 60087 39726 37386 56204 83982 93014 16938 18233 45955 93334 30841 37431 86634 66702 86846 99926 87286 77305 69789 72705 81359 57110 22000 53823 84815 11707 76430 42075 47395 59545 80243 96784 44727 77140 22837 58402 21023 14466 87632 56953 80446 67066 66158 56200 85871 38104 78594 35524 44440 63702 15877 43603 25254 80461 13014 2983
90966 5985 56854 74067 85119 61098 45909 45069 88429 4882 3199 73153 36229 34782 97415 46608 24949 56479 68989 45508 75225 16497 26175 9274 44791 8725 89628 59513 85527 2238 90298 34960 27734 85422 24548 25468 84086 73944 42368 44455 10231 3360 57179 51019 81170 72555 62551 65863 66892 81445 70208 82163 29511 41793 43787 3136 47377 43955 26883 93277 57148 77144 8575 16302 45017 40114 72368 94054 71676 27259 33162 35259 22236 46180 45628 21159 20161 12601 1596 97703 15044 76477 42271 90926
19953 38428 42423 55619 88796 63377 91036 50073 57912 42881 62324 48615 47665 17620 66335 9795 10800 54971 51060 74196 47026 48284 7771 90162 6413 74635 4267 5649 85181 88858 91679 42500 33232 2763 21483 35361 21123 18475 49743 26680 89614 13932 83598 23350 86361 82218 63348 15522 49756 78259 97009 3843 9570 61423 1964 28054 57842 9448 83513 15377 8140 18231 49849 54451 13755 6128 88096 99655 42689 74305 47284 42391 84517 32415 29264 90892 52218 19283 34105 12549 31893 29497 12211 62940
90054 90694 37292 46348 30595 8233 56252 92653 82024 65985 43900 34426 30883 78961 76149 53612 63944 40940 90406 66462 18217 3496 98552 99934 88133 73066 95735 64097 27554 58744 82063 49098 92500 75471 38304 62349 28705 17788 87427 59456 42529 47888 15045 56080 13649 82586 47700 71232 1114 96059 15238 75718 76826 84211 9237 99489 67968 85744 85252 5395 93000 96194 51422 35194 30077 86199 63652 77224 60526 34137 4503 8797 56333 53587 40079 17103 98586 33342 87236 37181 42327 35997 59416 11046
56863 63404 60054 39748 90621 97407 59549 95503 34719 42102 24915 4098 43601 95960 3201 71863 63976 8309 69606 50357 68573 35939 14046 45041 71923 22374 24978 59728 1974 53381 22020 89644 32788 8616 29351 51411 26566 80383 679 49434 16911 36690 59155 47020 17803 27990 89589 45733 55373 14810 80224 17128 62350 33698 1259 28918 69698 66636 88538 89295 33468 19864 56160 99205 62775 56330 56432 51605 87790 64900 22258 49823 10411 36569 53010 61260 43621 55370 1775 3569 51352 29454 53266 32197
90467 86587 81554 69760 97834 51169 40645 68093 6985 21315 92711 16857 51203 57595 98466 3819 35469 8334 56604 95255 58540 2757 59852 34088 63939 69115 76154 50837 98284 54751 14536 73183 54552 80086 99101 13035 83809 17132 3022 42600 51693 26834 51075 58413 16884 38778 94235 82864 19224 6463 94806 30520 35244 91327 89050 31858 58801 3547 17769 1360 70723 82408 36487 7436 47506 8895 51286 52065 60466 46895 97158 79084 67495 17422 34571 27966 96134 17029 17928 59501 79684 68505 32709 27856
42949 40832 5216 74107 40067 96065 95482 11184 78404 86888 33551 18512 61198 63075 89264 81532 95280 82787 87836 33275 14325 8219 19707 80808 5076 28630 31453 83285 42266 41080 67148 35818 14881 48052 98409 21739 70513 34941 86999 41100 39330 25001 89784 8599 89620 80989 89721 72654 7171 47119 10430 80315 94679 56350 58677 60472 35471 65575 14234 88037 18495 34501 64038 36123 58533 36964 34495 41796 33519 20287 32068 41525 27289 40260 52981 21239 51257 55801 76247 31465 85528 17923 56531 50580
18892 12424 22889 39713 22555 80475 16720 32782 6034 51709 71156 86811 58007 57380 53027 37163 42701 54653 61722 31057 60678 40703 21203 21819 40536 16998 20834 30988 51991 48423 26041 25668 84545 20406 32507 74812 90404 8396 1371 86245 52230 34109 45657 25295 32257 63727 69007 68656 32187 92902 76135 93926 34410 74139 46463 42408 91246 89630 62892 72502 95357 40921 1633 76014 34487 39147 30935 92592 45236 28570 36698 241 22244 70899 10872 49454 9875 80152 26207 33075 50515 75158 69202 81015
79760 97030 63620 88889 93315 55039 19614 90806 85400 71263 8693 2043 73667 58301 5808 66180 86661 39027 48843 82407 79301 5519 89781 67034 48082 3534 81324 85641 12029 84154 88973 23672 63323 92190 50428 44657 57247 40175 19880 83035 37477 93698 59620 43460 9508 93757 51663 2810 94268 53240 92148 12414 5471 95469 60445 23197 17020 25751 5312 64253 42284 13709 30256 11653 47405 92460 6286 99382 90719 72873 97502 43768 69271 79875 23694 26543 92617 69982 91659 58962 84372 79611 53605 59624
29017 53525 40630 47141 96438 94754 79195 64526 50665 43006 68133 29054 66454 47140 94640 69819 72844 33840 35800 15146 75866 47365 5950 71704 85941 47511 28543 37191 74245 67376 67580 94044 21676 13021 17996 73018 27248 91767 65391 43826 20005 94436 88762 28942 22984 33264 50113 6500 17286 84107 70932 57295 67088 72147 43831 15838 76055 11470 89636 44349 23189 92221 46855 76103 40154 64541 17483 63216 28030 63546 92367 5720 51786 40715 8805 7262 41218 28052 18794 92292 95523 25706 84441 98825
75246 24966 85243 91017 98436 52114 72268 47412 64712 80521 49353 97273 64142 42493 76311 62954 55900 63066 19030 23769 21463 39112 78368 64689 80388 25011 3785 50696 31206 39026 9455 27479 60770 79778 48844 78885 56036 77435 10962 4401 83871 4716 74647 61014 60563 22343 63240 58384 24485 6385 3318 27141 65164 56648 55933 50141 64241 84072 5168 8827 52076 36877 98831 46751 96150 31163 30139 32003 27711 22202 60755 35363 15016 96327 55437 54759 6402 85174 2328 81460 4005 13573 19290 53041
77072 35794 3625 4901 75277 68233 9857 63733 86880 67120 75775 82314 25529 24487 21919 92492 40734 11773 40172 4275 10453 2443 6327 99476 23909 62273 76858 83925 81612 93162 46853 35103 93975 93555 30141 29629 58455 61629 41823 95658 53839 92533 23624 27691 24888 28652 76671 22211 85411 66777 79855 24173 40455 64056 88638 1802 32582 86896 96785 17964 30259 47776 66880 69053 66760 37626 18189 58021 9660 27254 42604 74025 35046 596 45602 25741 40786 31053 4581 72732 47245 6703 7218 40307
28111 30096 48977 98798 2711 8361 80970 78807 74420 45754 67793 37264 3093 45899 14907 43660 16235 1876 55745 48062 49893 82987 39197 93550 66095 39347 51117 54843 96213 98289 3388 64734 58025 63343 39291 3495 5520 61809 22458 72762 99573 12147 49981 69692 95634 96707 35908 10139 82736 34052 25549 94945 45293 34157 10910 44634 2295 97303 42849 23774 55945 73162 80375 84321 11065 15447 67274 72443 47731 87623 88464 3806 88982 14029 98113 19428 99271 74422 26779 2659 84025 97943 5169 10644
35188 96380 83103 65490 89266 77826 46336 69216 52559 90615 75735 73693 55419 21469 54025 75509 98953 29253 85294 54885 53999 79782 43852 17201 9303 59971 20092 86808 75637 71299 27831 79699 87172 34384 93384 71555 83361 28723 92109 26970 91507 13449 32133 28355 1366 98047 37820 82831 99351 34547 17222 77182 80651 94966 32716 20524 75004 92747 53726 34820 18800 68029 71244 62035 87869 75404 86677 2310 36842 71002 5909 74475 58843 35196 27021 38883 96540 87495 88403 29602 70235 30975 57576 57358
85975 90268 96771 95716 80835 25472 97361 27909 75455 93999 81782 92497 47770 27617 73040 69918 77061 17945 83522 51523 66957 61714 66303 79519 25410 94256 79579 70798 70525 72672 3144 1066 31725 53485 63440 33389 60306 69235 88521 23228 87442 25615 97963 70992 78557 8154 53149 93492 99556 4061 33027 20787 9324 11669 44833 57885 29567 6928 612 52273 5740 64826 83903 94402 78535 8532 70538 95999 6039 51627 2391 77352 76348 61271 8161 97886 84600 17685 28714 63678 34988 80897 10270 43336
60346 4307 18760 17218 44080 80693 46831 546 72617 34344 96974 86651 5204 51758 27134 32674 87382 21130 37022 60782 71043 2496 42504 74479 663 79207 62686 34427 22185 70248 89493 45569 72217 92050 75306 89247 61769 64648 73679 45865 82078 51634 25625 14163 44776 63379 29142 45162 82976 16187 88818 85729 90471 86499 42337 70450 83879 93935 79909 16251 58671 6429 43666 90488 80838 5453 80534 46630 25318 87712 30993 7907 28825 25841 56508 97351 55056 87982 46172 29230 52090 58305 33199 51003
23578 80085 90245 22903 42611 6272 89488 56812 42011 16391 12504 82404 87312 9797 26662 5366 67915 1012 57621 28492 23344 19778 36860 15448 15237 57750 61633 83506 36302 13587 53595 80116 36613 84385 36409 72674 31735 39068 9329 30424 32373 90442 78717 60239 80591 77574 67283 67490 40452 79243 15359 54515 11038 71693 17999 80919 20388 12461 44539 40811 34929 31581 96918 955 90122 76824 69835 20366 41521 75696 67247 82780 52236 83057 19059 22417 39849 32653 2133 83609 72051 74102 40302 92588
24367 88774 20802 61727 79643 51260 68013 54454 45358 65030 47663 6581 80519 2952 72741 39547 56714 60380 11607 30497 74374 95731 9184 23676 62050 13627 97447 8830 16625 26060 41860 6799 59746 69278 76137 20012 42311 90744 60632 54746 87444 32298 5189 6447 3583 45035 62011 6448 50532 69462 80259 50220 69296 23122 45264 5082 94421 3537 11885 96073 31319 36846 26726 1067 97322 11661 97228 10488 69117 46464 46990 36259 85286 68301 8735 81866 57682 79345 3681 78987 7069 75228 62693 18717
17678 34959 83740 83799 65539 83709 57498 23570 71960 15406 70894 87688 85595 62016 39038 80486 82894 76052 80357 27411 10982 87713 31557 98478 7512 89262 66475 97469 69643 50316 88066 2445 40248 17920 64470 47224 69130 86838 15077 26496 3505 24773 86814 72120 96310 971 6518 1816 32951 26864 92041 46934 51739 8612 90958 76730 65942 6210 76692 92489 57780 64498 10102 66015 47666 16571 68354 97341 78228 46439 24226 99520 21846 12312 37200 45966 10415 32421 86714 52394 82095 6655 19154 58380
9703 34850 78753 39023 93169 48462 73932 72942 75330 35096 87366 45539 81761 15341 98914 3603 82931 55103 66405 18730 87569 7695 95750 81094 43343 50558 21679 7193 62483 66743 21499 76070 67442 68590 20479 5102 94776 23904 74316 39852 36709 29620 40606 35748 90851 86474 80877 50734 32511 81282 99157 65397 47148 66372 31296 40339 89445 28742 73974 38414 37485 60602 71503 51431 50820 42579 49447 4587 66909 30267 78549 10258 81640 1708 7860 38345 16865 39840 62891 4428 40653 92936 47736 22018
50082 41330 63498 97006 48940 32425 38936 344 48770 64281 75390 36181 15530 46668 42962 48378 88153 97720 90018 11268 64866 22990 55802 95143 97547 94969 29793 29352 54578 29202 36680 79328 92847 36539 41765 71915 90808 2838 54680 5874 23567 80768 72445 69020 10248 71729 65515 22749 69909 4564 79857 41891 39801 53309 57880 31300 66752 76346 6685 98748 9882 22568 33844 63930 64923 43909 78086 72769 43070 53546 41947 84231 33607 25145 9456 9948 60386 33142 71836 95083 40038 83916 62755 65383
97092 45903 52321 36998 11338 54095 86721 63086 1865 93303 96728 73993 26910 11024 42462 92827 6480 64083 55281 16137 71524 3006 14979 33035 94409 5732 14772 76749 14381 98028 69182 64636 93254 92409 22171 38174 1817 5500 23686 83890 89499 7240 29129 52868 51820 60991 73476 48075 98897 23486 11361 43890 81785 65682 22487 89106 86363 60791 91863 72801 90717 33097 58226 6285 23610 69314 91496 53774 55303 50509 73446 24482 99422 68011 90416 834 97843 51380 73608 78514 96074 63813 21900 93062
27253 24366 35232 83686 75005 4775 29434 1232 68391 11889 26668 48379 522 37641 50155 99295 16562 63728 26600 86948 35743 88752 22641 26758 64806 81869 61870 8123 44789 85220 96467 81630 81053 43423 93674 39409 16021 32811 37880 66214 24370 24526 49718 60182 40431 290 59874 2351 29608 22967 26472 39665 44492 19156 71226 4448 53310 59430 97758 84273 84292 46926 70176 57045 24997 16799 8844 66396 98152 97213 12658 77460 79757 48981 92976 24711 12290 33772 95792 61615 46261 35977 17950 84132
95367 80238 52959 8604 36533 29945 81962 94724 65975 21466 92968 46166 48138 37865 58549 98823 42685 8993 75655 17219 65920 41529 73621 19617 99023 3417 12669 33569 12825 20048 25742 38334 10319 44010 2138 61086 51511 94285 66992 12335 73049 70754 15276 27669 85958 56082 23108 27783 9970 68787 95211 19540 21650 98463 31365 75304 88453 14119 37625 81234 52573 38266 83012 37712 62083 13079 91771 29235 43864 50952 22103 44527 31086 39404 30419 11192 81999 62048 28599 39902 50453 81104 61054 10858
50529 24250 67867 78838 95486 23269 64875 59012 48810 61246 79756 89284 89704 84296 99665 71940 98663 51771 62560 40462 56543 95939 58551 86108 73030 56809 97889 43845 44079 35903 89961 52113 2699 97436 84262 29013 85651 39774 2930 22688 1101 35111 90455 36008 97468 93366 57280 99559 92525 58730 67009 15047 1056 82940 16984 20266 81526 43687 74842 14240 69272 92014 90333 76314 52756 64266 52344 83084 15896 4119 73836 10708 32235 43812 2594 54487 131 91035 79770 57753 33597 37259 17319 91640
47426 86866 48881 96191 12183 79272 30707 15554 61942 95962 25159 74679 43916 3042 13965 16329 53074 49215 18647 76941 78356 94678 52579 87187 47076 78460 26855 42575 13210 34305 27287 40661 89570 67514 77235 25619 78253 49317 2519 92310 7369 27936 144 69898 86877 42372 34586 6123 52122 54425 79324 66410 81510 56198 4584 34111 59932 61847 90948 13216 96343 29224 11109 43874 249 56436 3477 51280 69160 85305 19749 31714 33184 58858 61757 85755 96031 83586 63123 30055 28239 63041 49710 16966
36525 71457 75457 89236 46355 41871 29963 93952 89582 57465 12039 66993 19049 86028 53520 26782 99922 77883 3700 57048 7711 61273 11083 15518 80391 35501 76748 91125 8206 82346 84048 49850 56458 37140 65777 94245 10554 43978 49441 50559 82829 78090 16859 61130 10513 77356 14972 41766 91999 93353 64297 21164 192 4463 3824 58427 5389 1607 5353 34574 39887 78756 39820 65493 14818 52184 67131 70168 288 38949 95704 4199 10121 98452 56980 47955 88890 27601 39413 6962 78128 39601 44540 95278
10290 11353 69973 91919 82942 70620 38853 37463 21652 51284 16845 42378 73127 7795 54491 84751 13109 78808 89419 40366 53397 26071 85140 35720 42827 29854 70776 89144 48529 60669 66443 98689 57004 39903 72795 43441 53735 60781 11568 95454 77675 76212 31986 89714 18976 2467 21068 79101 81222 71073 50107 9744 56197 25006 62846 74378 61498 29478 44452 1008 51738 84560 45117 97490 3014 9997 16335 25665 92043 73719 21692 82781 18525 81552 29803 91737 14337 76835 95923 85326 20541 24137 53355 69431
87691 27994 35690 9886 32241 59232 41308 60460 11925 69612 75995 36434 96044 62216 86920 43523 6460 99835 27371 83190 78737 70067 85028 13387 50778 75883 21667 825 10006 69205 29621 2790 47556 89763 84160 56787 92672 33716 40996 45398 48483 42699 75654 61709 50203 32198 32563 25257 28602 96882 91252 19256 86022 5407 16133 65762 59822 7388 59394 17304 84863 31074 26569 57239 91666 74215 57909 81096 49660 45485 50244 85843 91107 66362 65614 67541 49919 8833 46955 31771 44528 18552 5741 94233
46815 52116 23425 29754 67117 41530 4727 60847 59251 31484 67963 28303 95525 90692 40843 30031 39597 23854 66066 40487 49662 39692 85266 69767 25514 69019 18275 46514 63559 79024 52188 18697 64073 54073 36138 43507 60328 71760 7372 72600 62440 17733 19003 93831 59673 14794 27660 87541 14816 3334 64022 17447 80160 99913 52260 6805 84633 9270 96402 63253 5898 72598 91436 9787 14531 12809 8401 1140 40413 92069 29618 49257 15220 28097 38018 6172 90021 9238 36066 42517 98159 86320 69109 21258
65114 21148 30922 45766 26436 81730 75955 59761 603 36903 92212 2972 89290 72838 20402 85513 23013 59043 93207 14863 87143 20655 32116 16523 13049 89895 2412 63633 59956 32869 47914 6363 96862 95200 25082 1209 12583 61096 33335 98997 86384 8067 89366 5780 37511 62028 64294 45839 96139 58917 40967 87867 76983 70628 53843 9881 52406 87515 35082 94778 57992 42775 79673 88123 64568 89417 40620 67225 49246 45010 41113 54551 44513 5448 2157 32624 85464 64817 76233 29896 77685 90441 9770 10590
73120 7021 40180 73433 3167 40872 67775 13878 9615 16821 28603 71762 13777 37430 89742 25311 18497 26348 45930 94656 90440 94051 59792 47920 21681 65665 74975 65572 75440 20149 22100 21838 33527 55129 58851 54542 68277 9177 73430 6240 69169 45990 90398 90967 78142 37639 96545 92784 75402 13517 70565 3568 35714 71585 77194 20754 22427 11918 98983 592 91078 10923 7933 41950 53490 19984 93544 99535 11029 84503 48449 41452 1268 67050 51468 29549 78982 15754 14808 31907 36295 54257 8295 16288
25624 11385 20677 66804 50518 731 10772 94784 22409 32281 59016 60737 60114 75998 74434 54815 14541 28561 18477 3652 39512 35124 64117 80398 72332 51289 8145 20102 40941 89730 89760 23974 55329 4368 41089 82597 74847 34078 89585 88359 48324 71464 99629 77619 6702 75036 81822 53121 17735 76747 41360 87340 63033 42022 46146 88465 27260 53456 92136 28852 14003 73637 88583 8790 45711 97339 17184 33646 97087 81553 27853 65647 70011 19605 17510 72694 10627 73734 69635 77199 26630 56305 81328 50339
9891 33004 66183 20131 58997 9262 40997 41354 45846 42183 84419 29589 86117 7142 99681 58027 8614 38100 57826 45783 39176 54030 19602 88395 33800 14634 36041 34749 47712 864 56100 19035 60070 40551 17380 1887 83865 80678 32042 62075 74278 44997 24162 82025 88914 88790 27020 39045 87280 7005 94240 11827 96328 62285 82247 25691 43229 11521 25462 860 17794 45595 5415 76807 53060 54735 31021 28098 78567 26641 42243 41277 705 23274 18864 16903 77125 69506 85024 49156 91091 30216 44972 61793
11508 96767 54539 16032 59145 4943 47873 18668 7082 2156 4339 59847 95122 49700 81465 82395 53249 40286 27356 45075 96617 85561 51471 48011 77697 63699 74836 86744 94675 58998 10780 56581 82372 24958 87191 16385 76657 73093 42224 75074 19340 34905 47058 28978 92195 59690 70687 67359 19023 91528 34833 37689 49887 99645 93308 48740 54473 11967 14437 33271 47746 74127 27249 96978 9093 25921 27833 61370 20222 37489 4486 70080 68306 94873 33393 71982 69868 44314 58883 45376 27361 29906 44106 87820
21043 89483 75498 29858 47212 24497 15099 4556 63302 69884 82890 85447 61458 25651 99662 92705 44655 56103 75689 88040 62796 77664 2555 56590 13371 80133 16933 89809 81983 5701 21427 51876 99463 16779 8934 94940 6959 21253 57897 20783 51842 27043 8650 42809 62863 8033 55545 13595 3129 95332 73210 86764 77380 28137 9128 2696 3148 27889 20258 86093 66755 92438 11598 98351 97702 71221 16425 9840 85752 78044 50817 96816 66998 36699 23770 82874 95501 17959 18540 77932 51301 5247 37330 19108
26048 67776 75242 14485 29652 91694 86556 23505 61163 64046 25319 9290 57911 55843 96149 66022 55807 53053 21342 44294 77086 20462 81587 34992 42389 1679 84353 90237 58177 94403 15023 14882 60251 36759 54591 3886 11541 68677 19309 14043 44247 14252 92256 46865 2415 68124 75763 16595 18967 12645 56745 98135 5817 47698 19775 53980 71361 23273 53356 67703 43391 30598 73147 92419 32320 17308 57537 66835 49959 27713 30208 62969 6337 26173 83002 95657 98191 70099 2903 73658 60920 17987 94565 99299
98763 83874 15865 55967 5577 51501 72921 13615 64772 46945 64582 90708 75388 18750 50087 32980 70207 7607 54932 56395 10645 4650 81417 34830 51218 94340 70037 57316 46661 17688 230 43566 46038 78639 32379 57359 1839 23942 29330 37450 88788 39002 43908 36576 43516 16411 50354 26703 29308 59504 26948 65936 2393 45929 12433 32574 9463 79286 60056 93280 76712 71786 94684 36927 50174 57503 22302 92028 42804 50593 32345 87791 55678 5954 8315 69648 40927 81009 20177 64386 1248 59334 16515 79658
59184 12872 20769 83553 16197 43709 31961 84237 44910 65281 93874 67895 77051 18336 16058 77598 76354 90171 64581 7831 31448 27401 52521 82660 96915 13225 80559 87892 55726 96950 38594 5077 97112 26475 86065 1409 14336 34769 26383 92305 42854 5338 55244 53489 7723 83915 86000 77901 33354 96364 98938 90833 30360 28711 30766 14848 43042 79399 6596 54435 34071 74979 94946 58894 62192 73453 32889 46950 47620 56821 18368 32491 39850 98431 70868 54509 56666 67801 33414 38324 61277 38636 99819 35192
17019 17300 79470 37591 12580 17290 53669 99735 19281 19517 70441 92519 21646 80426 41708 16298 8271 70367 15718 28509 67334 73007 26562 52744 79551 36447 89382 38671 23453 19681 57875 64861 34053 18925 72512 89859 98372 96128 11776 39139 95769 33344 97883 39171 67744 84873 40451 74544 45436 18500 32628 9195 16660 30023 27724 87460 89878 54643 49068 35483 35270 16374 32878 74770 96705 97040 21237 83570 46324 85224 88484 25018 90076 1548 6672 99039 79473 66070 92326 4588 25983 27779 24836 43595
6466 29189 53186 6918 35751 76801 72496 48182 27721 93226 86209 72439 76117 59887 23881 7211 19467 64346 76556 13574 52438 89268 24808 51618 17893 61853 21511 74345 36280 20603 95260 74818 32540 3140 26985 74540 90100 78497 67264 33966 29226 70734 22005 43760 92508 38087 79176 74493 67528 8237 11739 88770 26293 8143 41094 45567 55045 6991 5360 47312 3554 91243 38401 92979 50933 94508 67156 24613 33921 77226 91535 91691 34404 5656 36801 16083 68577 2869 23846 15509 67501 94611 67817 44462
56803 37371 86019 47573 13010 23119 47397 75447 26353 8554 78399 27810 19823 68010 84790 3925 66354 69074 68728 66758 59507 93631 598 2569 28221 64130 23669 35154 30790 51614 98333 93619 69230 95865 55113 78419 6100 55749 92490 41829 74255 74542 56763 78163 51792 8649 18667 91465 6357 41146 95417 26117 26159 48703 79252 69667 63061 57933 87151 78366 35180 98045 31554 62297 68645 68157 28526 12101 91547 96218 33824 91367 94854 76545 23970 72991 99569 85458 47213 88160 74646 72722 67857 76629
45384 54613 62685 94860 14707 86253 48550 12930 85923 73388 28189 94066 86087 86344 30012 63500 23145 32998 36202 69659 85508 56523 19812 16797 79482 68355 85262 78789 79613 21100 35569 31485 52716 78990 89436 50761 89967 18859 54217 73097 46589 15374 65666 27039 76899 54787 75444 18499 12410 24874 85913 88470 8751 85540 19126 98269 61202 85582 66337 42817 67615 33426 91469 39858 36316 46848 79975 26425 4990 70200 85630 35137 98794 86058 47800 35265 14995 2556 66208 17164 52620 89517 12644 59463
59590 59343 51249 13711 86404 20025 50658 87866 45129 11984 24951 56387 49867 88896 92984 8926 76466 32137 92140 42824 89778 48389 60044 86092 70334 10062 22421 57968 65091 15601 79264 80042 78760 43813 83170 66501 33474 28730 55712 69585 99687 76873 6266 29383 49261 4604 91419 72518 9103 22764 94342 92450 98481 54860 35439 71936 22508 22314 95814 95796 69729 47022 83488 66376 98580 56327 18027 7291 53332 3161 40239 21306 52348 8128 71905 52893 81255 30952 5609 93083 73503 88561 64646 52029
62889 94452 98819 34399 31355 63884 89495 43967 6080 93821 12492 52914 19178 39341 64885 68209 54834 42592 56460 54699 26029 21513 97264 94485 19663 538 44225 46327 94839 77215 92916 44387 26689 57269 54371 3878 58367 7201 45928 35878 70476 47502 75391 68063 65158 35087 12159 85650 25154 4847 33941 90971 52554 49923 24969 70179 7877 36137 16539 9202 33978 92853 39760 46793 37558 47385 70371 8192 64156 59702 94183 56302 14285 54251 78120 20747 23208 79876 94742 43040 45632 6622 17055 94629
45721 16044 76739 97475 95515 78989 10511 42608 35648 18981 42515 83122 72151 82476 79211 812 87900 46414 98196 65444 43855 70814 72641 92432 66062 67200 99807 35063 46079 67770 95072 45719 51633 20347 18067 65677 16887 32041 98100 13716 12001 54748 69649 11135 32910 524 91065 47129 15972 56190 80629 11223 32108 43514 69342 88851 74408 47238 86572 13258 11959 19423 68194 97198 26964 28636 93946 88006 76291 92744 10672 61764 36193 88839 84388 73817 75534 89385 54800 63146 34452 45647 69185 31022
23244 38432 43022 38278 31048 8880 86309 78907 83678 56509 53329 8792 1236 72878 52144 45378 56999 55006 28168 33868 31207 72735 71758 27980 85648 97234 34256 87674 24655 63957 46026 22727 93292 26379 11466 86055 43989 95063 72121 49612 36666 74045 71942 19284 80326 77914 97938 59556 12638 96538 26101 85787 38371 58349 11573 61902 5484 89898 46345 78461 77471 81416 50026 46312 52736 60613 27334 83804 16734 314 4691 10448 7220 84332 9182 27494 43373 79239 21892 45053 62826 52776 92623 13342
57526 72315 54183 28115 91596 30305 20679 33528 30756 19145 881 78237 79388 73582 25648 30742 14664 30525 68810 42295 92253 81623 86626 85593 63438 93642 82147 11381 72093 95837 91441 7961 9327 85287 96180 23053 85403 13174 67075 94281 71229 41107 13839 8279 72580 51391 26942 50434 24555 36059 69770 96793 58159 36621 90685 90546 28668 55273 13177 16510 68740 75382 33304 25973 57378 9400 11779 24885 5663 81995 79520 87882 30204 37256 4790 38335 86140 96113 50750 41379 99883 40631 32780 58807
61222 84346 12777 48486 16097 27321 76846 53812 52741 36314 70820 80447 72853 38080 9956 63810 7489 96391 91340 62947 70158 30591 12539 59344 1886 3649 33099 66619 23331 95857 23460 49653 6832 12123 35423 64125 41825 57760 35658 67073 78459 10414 18003 24019 16489 16202 57531 91517 54928 80283 35167 41060 10704 71087 32565 66548 49929 3658 50382 72738 84147 53628 76751 66148 6468 55288 37137 57598 71956 78176 73831 96080 26389 60523 56352 60642 75513 44180 74392 34596 60742 62157 84104 7296
77450 8469 94411 21891 38118 3245 69307 57844 34836 2726 88444 79262 80864 41261 57191 74708 61593 98840 57220 39063 36258 38420 14009 61143 19790 59833 61719 12076 17259 47662 1946 24576 20749 92846 58845 8816 54390 80251 64191 15971 37306 50478 95318 53661 95396 12768 38550 35402 33713 48527 66225 42879 7553 70169 8096 34757 87060 9267 80297 3655 90209 62414 29281 29650 98021 65375 96354 10191 61794 39041 33575 94650 27949 27121 55544 48128 75789 42091 22717 42002 43476 31490 54988 97902
32564 52256 96531 18526 29265 18178 49924 62852 16269 77246 96623 53389 7650 43716 57381 40183 54139 92169 62371 5699 66504 58363 30676 35050 67165 37333 32834 67403 64322 4762 97920 73625 18777 84440 88 15943 41175 62472 83492 41013 79128 99362 21489 99231 10243 63319 97438 42488 94118 81696 60242 35937 82302 4367 88845 95487 33991 63982 10698 46075 10936 82331 42802 53416 55792 70792 60686 26392 3724 1488 97820 67797 61494 3270 66677 26264 92965 2037 36005 11312 33501 39573 97922 13059
75453 39076 21932 56453 31529 57665 32620 2350 52315 28525 74260 29719 34670 88535 98784 16141 38792 66457 4164 4172 95029 76455 12611 28741 93516 80789 47599 67186 41976 28938 58726 45363 66122 24422 50590 72911 44227 48383 25626 81949 55182 98875 76436 64899 64837 13297 46725 48518 80702 33793 95001 63859 18245 2371 26162 77600 71610 32664 43137 24043 72931 67526 29817 87121 25081 47628 33203 35768 80261 4023 48642 63787 77705 59796 80155 83371 8953 46833 85198 54017 79054 97136 84573 49124
1632 85317 58238 41054 43393 31608 7373 77861 45002 15036 681 32756 473 28654 45147 11554 16237 50531 99858 34852 43174 130 17143 84431 77495 69755 1257 65999 17122 86269 68620 52795 98406 78998 32160 82832 5224 95204 43626 63082 24330 1291 7844 80292 74952 84870 14520 96873 15113 93644 90117 33677 24672 40444 64546 1970 62626 21000 21217 5010 12574 34179 26098 3970 32364 54724 56382 92556 70266 16462 42235 3071 63407 38749 82106 69561 67381 76794 92297 57331 98494 47956 75992 21958
39238 80159 5411 45465 81412 63980 21090 17443 84602 72797 69616 99868 95004 58270 45858 12080 79722 71281 4842 62999 26380 38642 73339 12689 52181 30918 35482 73537 32923 92983 74583 94030 90954 20397 32407 85343 66146 1514 9591 54949 13233 20548 40075 21329 34893 9525 36074 79641 77420 55117 81075 25114 3901 33159 48460 39222 93271 70337 96880 14292 90689 39796 51736 81291 92398 52441 36523 56271 22642 14956 87424 87271 23799 31934 41183 36255 49157 5400 94841 48315 10399 15968 55523 28507
75829 74380 55700 81996 27251 78217 22319 35339 74922 80194 47745 49321 89651 33940 49804 53655 85173 64623 30948 81139 37976 26564 80420 24698 23527 93140 31573 80037 15433 84766 29882 58414 13957 81607 66080 71658 80418 46938 31406 32453 99415 25770 50208 59643 78334 39337 28042 29526 52659 77357 78389 56705 53444 8703 57781 14108 93095 2762 81571 47214 74977 77004 45972 39303 75358 44852 66349 44477 28962 10770 28244 25834 94755 43249 90878 38226 31256 32717 89996 84690 60174 43163 58125 79527
5230 46636 85045 75423 29710 61680 61136 54329 97443 68027 38264 71880 74962 95177 560 45732 35512 21362 8262 72214 75256 24441 24902 1096 47759 12929 85450 15230 62247 6689 33416 12558 64544 31330 35209 54273 79055 33669 39640 28128 55885 68770 71732 70905 80679 33330 31428 40539 59323 19218 37211 43810 36175 29194 13166 66560 34042 74365 32646 84336 76191 39174 12619 40598 22058 55589 15286 87248 35479 52903 50635 69152 93847 26852 37925 10986 69335 11321 79780 85659 62482 51512 738 3892
39379 9394 81706 13977 25740 39079 98416 43606 81976 9243 67413 80626 53412 45994 18199 46762 75484 50951 88171 13741 5926 44770 28879 38447 27808 72234 46241 14673 16303 65427 58860 29332 87913 16521 62754 27776 4377 81249 55509 72569 13600 45118 34759 69376 33021 93251 91149 2102 10786 33260 97712 34569 60373 75816 62189 47991 79471 4432 84316 82130 45226 65231 51094 15965 37388 86379 97315 7660 70279 59010 67074 38492 67748 71623 88749 9745 56365 72593 83711 51012 18804 65150 21853 25222
53242 29036 9211 86303 550 19088 29610 18267 65972 25263 4860 46354 88503 82879 84857 78506 67855 1952 12659 95023 94583 84429 48116 83211 52460 20368 67470 60820 24862 80677 79840 6666 69110 54612 6297 20583 94553 44999 89204 99292 5018 23665 39511 54269 76603 18541 43504 86977 65482 93302 36099 1187 34805 39030 88048 28657 67584 94150 64527 54997 62711 49294 2606 4880 75064 61801 78864 25663 67167 69298 42955 60427 29255 33819 39202 24208 3262 33635 3109 80269 23126 35019 67057 60295
70902 30682 19866 30365 72130 4714 47477 8303 66850 22799 56390 68245 96286 65659 79687 57605 64863 195 76352 85968 50429 2154 63537 7149 29578 22270 19654 33843 58852 19989 78439 73425 23213 94704 47711 63973 10692 83750 71342 69181 37210 80716 54176 7927 52946 33183 44853 18333 14429 13250 87531 85982 13051 30762 37442 8307 97707 41430 50007 71062 15159 88964 58857 67040 23 12468 42301 3890 72669 21766 24764 80318 52938 85036 93322 89228 97776 91100 22047 15418 85609 22542 14905 95674
94274 89349 33706 65031 56000 53497 75355 81126 16579 64637 21257 40007 33034 84583 5043 27414 95929 30317 39371 61080 88716 77934 77281 51229 53116 7528 84219 53988 40128 46623 17464 86969 25791 93305 7867 39087 28886 53353 40582 222 19765 14648 66756 67143 93868 3444 99659 39443 7092 66077 56915 48610 15773 2962 23205 61927 74504 96574 88758 23585 10778 78490 6900 9984 40278 11988 73970 53277 49451 80757 52544 74586 88496 43695 81836 14226 63119 9444 90292 82173 35960 99012 40757 50313
95505 11902 81802 51261 1365 21821 2153 36312 15048 90235 94887 41169 52263 25914 94263 35744 91847 85543 84070 57352 60085 45183 68413 62393 20335 57922 19343 58546 91257 90251 9724 49987 23219 27657 75144 68376 19117 19971 36388 26618 72306 30349 10764 58872 96829 91088 72660 46397 7374 30585 49310 36741 24681 5521 55141 82742 85373 35898 94223 86749 21905 39071 74282 25779 59032 7655 97236 56738 69017 38525 27738 42190 98602 10569 34057 98145 84650 48931 35841 78095 63657 85225 49357 8858
87506 76798 68632 86329 79358 22883 84409 10180 22545 6146 7280 28957 78430 66982 6709 85151 31676 34745 36691 98228 76294 71597 79217 47780 33705 47322 60913 44630 59106 13896 98585 82419 81831 11487 8678 74202 25952 60846 68732 24607 82557 60141 50605 89789 44857 26645 94300 66917 39397 44878 91321 45995 41143 10050 26511 58865 37335 29941 43918 84915 17656 59087 61301 26733 98836 54409 16356 60545 66249 24111 64891 75095 86844 35605 40882 50534 73016 28864 79112 13940 2071 20376 78171 97961
62577 22922 80726 60302 35062 42963 65819 73746 66296 10767 87511 54322 63480 55127 62219 51630 83773 43979 98906 81508 56656 44497 69131 14736 12460 49796 13721 5110 10260 14449 82072 42430 80554 32888 43910 82312 41788 56988 45361 1322 71290 15781 99491 57866 89992 43003 47107 59066 82944 9217 97567 61377 46576 18615 62640 82370 41538 68325 75849 87920 23584 85331 8654 47578 12166 28451 84064 10223 69845 13901 21786 96568 65408 22304 97926 2416 19323 47121 58313 18242 80347 92974 3346 46083
54991 8049 2158 52473 76853 63274 43597 62107 89790 23193 54165 26735 4496 33336 78413 52469 64024 28422 89335 31750 1388 77909 51097 74192 20084 92466 68090 6512 98714 78879 19735 84837 37397 16695 52333 41136 63142 23363 18247 32269 38559 48975 41027 18137 4797 76969 22724 21015 98593 67173 61432 27689 33814 832 78083 39980 10898 33357 25647 78166 60075 75241 94631 25320 52466 25868 2359 9271 97814 88095 25818 17500 19988 90123 14177 32016 35745 48929 91172 33768 2523 34871 36802 7773
99547 39977 40160 44233 43240 17595 93749 37905 51823 74256 92532 48388 73546 94876 52539 8846 63339 72596 82357 50072 71642 41193 98504 40032 26542 17540 85797 2337 94372 43923 31309 45370 6981 78270 61508 78274 98645 34691 3951 43172 83243 40912 7204 91502 62547 46226 3248 56730 54461 76530 29612 44200 49186 31903 59098 1653 63626 4215 38971 35956 40340 82170 92322 75828 5394 73282 86460 56319 78548 5263 98068 18814 52601 56438 29640 12582 65370 50385 91664 40810 919 2381 98415 21364
52058 70623 69285 3587 69817 42107 97757 25856 80208 89769 1936 46884 80473 78562 49112 5449 22288 80616 28736 37934 56270 58390 54848 25031 18716 63905 62816 46533 93441 20032 75734 54428 33261 57379 93913 19095 49227 42766 65591 33886 17628 11911 28626 84089 28545 94168 47616 16069 39163 82824 86336 48921 33030 12629 15270 97563 26291 92132 34946 62298 98449 17378 88215 78283 19067 76262 47261 53264 26146 91260 23591 62109 57524 13106 98151 37860 23176 38843 18577 14297 60168 63096 71279 63441
72331 84755 80858 52241 34099 55276 19797 13319 29556 95621 93957 1965 34904 25842 48932 4642 82207 59408 11444 66936 51389 53351 16978 57976 98813 55312 78754 64100 86006 89886 63895 6589 73978 41734 89527 26184 14106 79763 80331 3749 99156 39712 38307 25180 52342 42561 98391 7857 22580 35463 97226 56799 24986 23000 43288 22778 69200 22916 10065 26520 33146 59276 49907 32612 41803 97798 88472 17684 22951 18123 73055 75551 76095 74519 30785 56921 80963 95531 67712 83374 62881 21419 67591 60381
83580 70311 2953 94316 8629 16358 68275 97394 70745 98881 97892 66832 27976 30788 95042 51744 60772 78669 40207 4332 4827 9236 6405 91397 15813 24320 69711 14661 85984 30059 37664 61838 98232 12758 92488 58519 32066 25802 96426 90071 28404 7053 78129 22351 30723 83173 13849 40198 49956 45123 36946 42715 10494 69010 69867 14490 47061 26807 15124 74776 93577 7984 95830 63456 185 16045 7438 87935 80278 22124 64564 90111 71492 83845 43943 45887 13862 59285 5022 27596 40468 77881 49644 97725
99339 59211 98544 76181 32598 41837 91110 5695 67191 28865 61733 70711 74834 6288 98642 26271 80722 1602 71439 10527 50463 1571 21028 91431 5343 66075 70575 35820 26155 13368 82335 85972 95467 24616 47843 220 57153 35620 51108 47600 99600 17895 70573 4002 57902 42458 21720 25671 69714 90732 60367 44559 80103 92272 92193 10869 84006 67864 44058 40362 27234 95491 12020 11623 68480 70787 3969 769 67343 31761 75436 49832 78184 74524 64417 88068 96794 22123 58635 38911 59864 26980 49545 14154
15793 21150 90185 28539 57510 83909 99852 63084 85298 10553 36549 34311 5767 40254 52176 32833 48535 73710 55942 30260 97332 79314 20981 57777 58977 41292 56558 2168 24018 27056 26127 62526 53128 44382 2269 31645 5086 43651 32670 40545 1469 46693 93964 78872 82915 10975 47925 23051 44379 256 51608 83172 48 6865 52072 6486 55014 25516 85330 63974 4174 57288 41550 5737 61830 83423 80978 70488 84151 38847 14861 76364 55651 80727 15650 58122 82150 39161 43421 71941 19704 52705 45820 82868
54187 12185 44779 40898 50146 55485 56717 88985 65653 13860 45881 29237 96006 25028 97310 81270 26404 92726 96560 3977 43484 43101 41834 20246 23510 41303 95272 70833 43371 74409 84268 78835 93289 63506 54888 96924 77242 2254 20810 89739 74949 63427 19453 66688 83988 74876 78927 68602 17458 70614 78568 14689 53245 72355 59245 12482 68431 3664 94248 68061 72411 91300 14850 15226 32222 30562 57272 12613 22845 76096 41658 9392 44938 2007 438 58093 22953 6869 14100 4440 91351 89806 61685 99321
74526 21384 4570 68789 40465 23717 98411 51599 92876 61968 56384 43337 32465 44974 89263 43593 44142 26497 37172 89820 86330 57538 99709 93397 3866 21418 83841 95021 50857 27817 90088 41610 33598 54831 4363 51096 74264 18214 18650 33529 20924 43515 70106 20972 31291 98793 92091 94219 29290 87146 38189 8097 43168 46602 29376 19473 88656 83234 57925 83383 44749 31302 14830 12593 26222 82088 94271 21280 33842 16375 83768 8282 98263 47952 57979 62304 73854 63047 48639 64545 47992 61487 45679 78658
66448 23933 63747 61314 47300 77174 95958 89881 65112 28350 20531 63681 7414 50975 86451 92798 76451 23100 70117 52909 13377 86059 4898 77850 19676 81655 88701 80215 74529 52543 37105 5381 4192 73021 34678 23201 96347 17784 86904 7664 23859 90173 39844 51716 74301 74795 77732 24863 48230 8973 54084 74657 33192 30903 54008 77046 96906 30495 44524 35856 43111 18100 28406 10333 88492 52606 69963 4859 9088 19913 99161 92897 51382 45223 66257 97384 62622 68538 72246 3352 78797 93719 96892 477
54431 79156 26931 93057 41581 92957 14921 41511 6391 71102 43885 20496 96832 61393 6052 4834 85622 56362 61056 59709 40802 59006 87663 63173 34808 34363 5890 32094 34406 84488 38400 81272 76977 91095 51462 36247 12382 33422 88904 21388 72650 50668 5967 58605 94752 55918 91865 8608 1795 86026 81348 83403 59879 44909 65829 41279 1842 25916 36234 11429 5836 94733 90505 75155 74546 34552 98517 27486 68721 21296 70666 5987 40488 4965 68364 67989 77149 1811 79752 2497 19034 27934 71177 40554
77887 87981 24702 91616 15835 3507 91256 23906 82198 55860 59723 77515 57278 96030 4106 43899 89248 5364 14900 40637 36508 53893 61174 44722 61239 25381 15672 44651 48828 3684 8948 77647 48779 83540 7677 82785 12966 69814 75006 12687 66720 71040 82633 46633 27541 65881 16218 84141 37612 22183 94825 93573 89891 66517 40755 61117 15181 41464 69639 28231 84192 43856 55699 41182 414 93160 27900 70607 69636 32896 44785 79918 25501 11436 92198 25355 54367 99054 20506 15986 26903 30647 6582 48148
21065 94444 94188 69786 10739 66518 33443 27290 71778 75264 85348 55778 35520 67239 67583 16750 95425 34866 67949 97299 79060 40806 66432 86153 19738 90582 65776 80715 4383 42911 31815 51274 65867 51354 17623 1755 41573 21060 67339 45185 49883 8003 770 44854 401 25919 23646 28575 82339 56718 3767 43858 65701 20367 84841 61602 24415 69129 45757 52323 67467 77782 69987 69071 92783 93991 62866 76803 4039 26760 22692 67342 27113 7687 22298 31931 24515 31265 52692 8266 18645 84330 95077 83571
82298 40935 51043 73209 94093 97510 87975 58738 33039 9388 50039 62234 83182 16320 36747 34142 68921 82417 65924 85815 78317 9008 8579 76334 54237 90159 32360 54312 33125 84055 8074 55910 38244 9059 76438 87736 98570 14828 41805 3033 84305 37282 89821 81242 38783 47857 2775 31560 62500 77001 91371 60166 49113 98945 94194 89075 90403 19819 50941 139 16461 27604 70880 76386 84361 16759 19846 19522 36058 78895 70705 16871 63300 17241 70693 9331 5046 26596 64788 69156 50875 37490 91304 47181
37678 90363 99374 7189 69540 77592 45916 74792 70621 55269 281 49320 53501 68761 19050 89952 17117 1071 32527 70909 71667 90028 25369 51416 1168 22964 83703 20159 20278 84672 62319 21767 18889 85427 69220 82085 58196 15894 91272 97400 31169 76922 30439 6414 3671 8245 42640 80755 89475 42666 7536 84017 20423 80803 82510 82512 11265 68582 93356 33498 61365 8034 17657 25279 7755 67919 70432 44812 87645 24168 16742 60199 13445 89278 62877 35366 2125 75593 83910 17309 43035 96883 25210 90234
36304 9917 7634 86119 61963 68426 11129 89705 96585 97613 54683 49030 51477 51483 89300 69890 86515 31595 17968 73772 64659 19450 1353 54058 96087 19697 57440 68633 23370 69734 91039 10839 83950 29874 16008 28660 31464 24397 28063 24627 7972 1083 34469 90097 56532 46274 61072 25092 15513 22033 73496 10381 73371 73140 58799 67093 40585 53836 11539 64147 51806 96317 64496 16316 55624 83679 48120 6784 24413 1495 45393 89551 98433 78277 25918 31144 43665 10755 28144 99713 30708 41567 43485 2051
92323 76680 58841 22010 62426 56247 57347 3942 24541 24365 11546 34065 43302 91270 70170 1915 60580 85301 2058 5781 26995 91706 83313 17995 56070 49856 50181 53423 20730 96240 2465 40453 39355 43615 65334 58485 89671 80614 82963 62522 61059 80763 54066 46819 17862 95376 52600 93589 72678 31606 71410 38382 18743 43130 58987 35267 42411 38143 76033 18463 61042 6681 57283 83824 44029 48207 99399 3250 36065 44769 91766 41286 59685 6794 30832 90586 51546 97245 86483 91346 85988 85926 19844 43948
85920 69627 893 36371 96271 71925 94069 78545 71764 50908 23629 70500 52139 49446 65895 21423 32552 54960 93208 58796 24192 99999 24454 83429 85105 19089 26166 92661 69037 28953 30738 46053 54062 17051 26558 74284 9900 44450 91376 12280 82242 25645 73081 82985 31661 38771 21980 80736 80703 13567 79447 69603 8272 26844 21338 95876 28841 57273 36381 7566 54193 62780 1335 95237 27079 73989 61218 80321 12060 65314 86715 36949 5896 76833 56603 60895 19508 48327 47334 54524 93836 49536 81875 60246
86155 47301 25150 77240 23004 82681 26201 18662 59747 31657 78636 62056 7360 99514 54445 57163 1510 61369 43045 93625 14439 14615 83701 76546 3342 15799 87472 31913 19829 24905 39584 16035 82960 25357 43697 90745 12941 15640 73383 53486 51222 55782 25206 22135 2552 60891 62595 69457 93632 2975 60463 70497 26534 52566 30006 2817 53273 12131 61312 89211 96964 12676 62919 80759 20148 5438 48007 9254 42729 77899 91506 65851 41336 8294 19986 73584 36235 59383 45540 69189 54060 52855 86400 52330
85065 56462 34465 60437 69783 65980 55394 57214 99994 58556 28154 34289 14393 26464 60026 25513 28273 11952 59989 46395 83983 37655 77814 87308 95109 74927 18222 42300 26231 10460 62080 13796 32089 73034 200 22295 78672 64240 37046 6716 21604 69023 81578 23291 95422 57262 78320 32095 3256 49694 64471 26439 55873 58768 28876 16470 5533 16405 93535 55412 83140 36856 63496 85779 57830 82699 74628 62112 87955 45672 92048 73071 75318 1281 18762 28465 98908 36722 3292 93829 8764 10712 37074 19552
12559 38056 88901 39400 68899 67061 79408 53157 30150 62756 65189 93675 9286 41980 66505 7986 87369 64387 62855 44649 79985 84456 98150 11373 86889 6073 37464 23376 70547 76568 81265 29498 54636 84944 83279 27814 84230 3425 31643 93510 46784 70356 13733 47 29247 12102 95020 39838 99097 26932 4336 20325 82267 818 87244 24923 74753 65094 9483 32591 14175 42956 68377 77630 30538 78332 73235 13299 12594 29021 67809 1776 33702 87929 2172 89537 10367 6958 96159 1777 74896 95076 39184 33900
39551 28684 44887 31288 1800 12890 78360 37230 17435 32439 48406 97437 39848 29691 17345 20823 17880 36715 19295 29541 31315 9663 49056 8791 86812 67398 11660 34727 99363 89766 1701 50703 38885 68380 49462 711 16313 67564 93669 36406 17207 88405 35454 74614 31008 51541 96695 39723 48231 27618 66672 25453 89150 90757 5624 37839 18930 45301 85002 32568 97134 83882 47650 46665 33584 73484 19177 93194 84144 22525 59345 63910 49792 5936 23340 38170 20173 45052 50871 31344 29919 99965 19497 67116
91700 35942 5367 90205 28160 10900 30691 5647 75398 60614 40676 96304 34115 82634 17441 64600 17214 51400 13666 11125 2769 80611 38657 79627 53364 23943 37384 19236 66573 25303 11391 50482 92718 72610 10077 6707 86374 11262 19544 39805 25213 41952 87045 34630 96951 56551 73864 70944 52835 642 38375 85846 58368 68988 22781 68752 77095 41322 55074 8423 65369 1373 88052 79628 75594 39697 99470 88691 83730 28004 62277 45870 26205 20051 99630 48605 99808 68373 63071 64497 45945 86299 44637 53675
