92
29 18
24 6
82 15
62 75
12 83
20 49
15 18
8 13
19 1
87 20
61 12
67 14
16 79
22 46
68 28
10 51
7 3
39 22
40 77
15 14
13 33
4 85
33 78
1 2
26 20
72 3
19 50
36 14
31 10
32 74
9 27
30 16
66 14
44 45
44 80
1 25
7 21
62 22
22 40
29 58
2 4
27 28
48 56
70 37
12 59
41 34
84 44
1 3
60 9
34 73
4 23
65 4
43 26
10 2
35 52
38 16
58 81
76 34
92 21
2 5
16 12
6 4
58 63
57 3
54 91
37 8
11 12
17 6
32 20
53 45
48 3
25 55
47 46
1 42
71 8
10 20
5 34
35 2
88 29
11 1
3 64
5 8
22 21
38 89
54 51
3 90
31 69
7 9
24 44
14 2
86 17
