1000 3577
3433 -4685
-3533 671
-5853 -7128
-4681 1912
-2389 -8458
-3519 -9305
-8418 9184
7823 -6567
7230 -204
-1020 -7233
2640 2731
-231 3192
-3934 999
2239 8889
-6372 -4673
-3006 -7832
2839 7062
9934 -186
-8274 6986
4880 -8395
-7700 -662
-5126 7713
-8854 -6118
31 -7303
-8183 8376
1108 5363
-5092 4457
-4543 7229
6118 974
6301 4048
6216 6099
3161 9648
-538 -945
-7606 -553
1052 -2460
3230 3626
1340 3353
3587 8105
7154 -1162
-2785 9970
5334 8971
-219 4675
-1744 6594
-2432 1590
-4362 -9273
6826 -9779
9869 8206
-2739 -13
5786 -4317
-424 -345
-6718 -3162
6543 -7194
-9089 974
9812 131
-3547 4418
3389 -6621
4406 8139
4733 9522
1112 -7337
9742 -7699
8875 3102
1308 2920
-7093 5096
-9220 4922
-5423 8693
-8117 -3292
-486 -5789
1537 8427
-5090 -3222
-8804 1350
4729 1363
-497 937
460 -4512
-1849 -5764
-7110 7924
-2621 -5755
7165 -8235
3213 8687
3609 6424
1469 3993
-9299 4539
5102 3352
1779 -3432
3346 -3360
4342 3041
-5595 894
-8169 -4577
911 260
848 -1357
-3432 5414
9659 90
1855 299
-1014 6824
3248 -4931
5414 8948
-161 -8931
4422 2468
5388 -8707
-2067 -7447
5595 -4914
5980 8627
-5949 6352
-3388 7811
-7193 4962
377 3812
-6097 -625
6026 -3612
-6787 2110
3531 -8636
-9688 2813
3883 -4702
4118 -3497
-2203 -5343
-2790 -494
4592 2082
710 9157
5509 572
-5265 1113
-3925 8473
-1362 -6106
3269 2804
9193 2541
-5349 -4353
-2988 8758
-2077 8183
9833 -6324
180 8158
-7185 3951
-6543 4329
-7237 -3622
-8113 4401
-8675 -175
-9062 3749
2222 -7588
-3693 -6634
6170 -9140
-247 5928
-8424 1715
473 4405
-1060 -1412
2264 8397
2907 -1227
9076 8796
3125 5723
8453 8885
3286 2241
-7934 -9660
4089 4611
3375 -6995
-7277 -7336
9876 9682
1963 5245
-3039 -370
-5965 3539
-7873 3786
-1465 -673
4452 743
-460 -8557
3518 3528
2413 9017
1258 1971
2311 -7949
3014 3325
2682 -7247
-4583 -3611
-7576 1757
-2998 -4707
4923 4387
-2074 3963
-5898 5310
-9011 -3595
3500 2637
432 5441
-4679 -6960
-7942 -6050
5921 4086
2489 -332
-7007 -5415
-2662 -4497
-1755 2027
-6216 2755
4400 669
-8592 787
-8898 -676
-9014 -666
2091 -8444
4194 -8024
3769 -4409
-5016 -5374
-1423 5443
-4119 -6606
3062 -9150
-4565 8371
-9774 2408
-5565 2773
-8120 -1529
5492 -5428
5359 6281
-8043 6900
-7414 2813
4370 -7057
-8729 4677
6621 -5084
-458 1393
-3164 7957
-8649 4471
1674 -931
-2560 765
-6827 7109
-3765 -2333
2490 -6039
-1467 -5533
7100 -2017
-5117 -9756
3057 9057
8353 -2530
8499 -2573
-1305 5976
-2631 1472
-571 4590
-939 557
9627 -2868
7898 7087
549 -6581
-2562 7423
-8616 6784
7603 9929
-5736 -83
161 4704
113 -853
2969 9571
-6650 -1534
-5557 1469
9293 2046
-3364 -1836
5074 -4925
2207 2049
-863 4701
4472 -3543
-6119 9686
2822 8263
8192 -4735
1535 425
-8519 -7544
-2045 8048
7619 1595
-9939 -9075
-1254 -9030
-632 -9144
-4627 -5609
-534 6004
-1947 -9553
1500 -8326
-5517 3542
-420 -4028
-9413 -1636
-18 -7598
-820 5131
3939 7869
5917 661
-7744 -8105
9172 -111
859 8670
5878 -5730
-1339 -9773
2583 -8749
-8302 4480
6154 -9364
531 -450
1875 -9363
-4646 -9889
-7486 2462
-2406 5336
3205 -1954
8707 -8467
9780 -4526
5363 7316
2338 8952
-6778 -7426
-7199 -1784
-4180 -1764
-7284 5384
2373 -2482
3421 5222
2211 -7096
9367 -4704
7758 7565
-747 -8119
-3721 -8296
-6762 8810
-5715 -5013
8655 -6982
8323 6000
8575 993
9209 7897
-3867 -8624
3113 -4971
-1100 -4799
6775 -8162
-8906 8673
-6031 -1013
-7096 -9539
8695 8079
9784 -1490
-6328 -5026
-3687 9374
8744 -5691
-9690 -5032
2313 7067
4965 8885
6613 -2125
-744 7450
9004 -3922
-2084 4508
3181 5779
-8882 -4638
-4176 7150
1582 -9625
-1115 -9129
-4155 -2282
-2908 2557
6867 2159
3479 -4164
9256 3529
2414 -4207
3668 573
-5625 -4621
1458 9276
3785 -6621
5511 5726
-8911 -3034
-9531 6629
7004 -6735
-9512 2051
9769 -7759
1151 -3667
4844 -6787
-951 -1982
-8453 -5324
-3179 -5343
5230 313
5692 -9511
9765 9606
9337 -2850
9229 -98
6869 1200
-2170 6670
9935 7338
-611 -8814
9780 -9577
-6892 -4490
-1277 931
5301 4305
8981 4124
8782 3200
-6487 -4198
-7357 4012
-30 5557
9060 8760
-1337 -4340
6860 8289
4959 -8116
9222 -8958
8581 1246
-1979 -1389
473 8361
-708 1129
-8214 9196
3320 -9055
4145 7119
-7079 2102
-7533 7658
-433 -8084
7029 -1211
4449 -1373
-3084 -7956
-6072 1310
-1296 8227
-527 -6850
-1887 -2715
-4354 7494
-5024 8586
7782 1290
2235 -6886
-9766 -2546
9557 -3620
-9610 -6845
-8576 8376
-2835 -3690
4937 8453
-9503 -8385
-723 8206
6433 -5575
-6073 7981
-4733 -4093
9753 2040
626 -2735
8556 -8919
-5804 -5240
2214 -2857
-124 -5570
-6063 -1877
-3501 -3382
2928 -4639
-9834 3665
1632 -2134
-3928 -9337
-8560 -9091
8890 -7495
-5236 -4633
3759 -9491
-2225 -9130
-8049 -5615
-4503 -7317
-3822 -3853
-3071 4064
-7813 6054
-7327 867
6228 -4961
8704 5601
9819 6395
3410 336
-2403 -4109
-5251 4851
6570 -7161
-6651 -4135
-3265 330
1067 -2524
-3489 -4961
1186 2917
-3019 2689
-4904 4468
-4665 -4480
559 -2231
9722 7915
662 -4385
2303 9542
-8215 -5927
5276 6252
9092 -3466
2400 -1802
8528 8793
-3731 5487
-9474 -404
8865 -868
8173 -1935
-7467 -4154
-2282 -6731
-2610 -5780
-7865 4630
-9755 -6535
-6993 2798
6871 -1099
-4847 -8856
-2321 -1501
6697 -5755
-6962 6431
-1730 1578
7526 -4341
4791 -1203
3214 6391
8589 -683
2586 5747
9967 -3693
-9063 6329
9794 -7898
1252 7535
-3564 9153
-9703 -5525
2974 -2059
-1461 -2024
-9241 -3976
7602 1577
3589 -970
4179 5128
1519 -5268
4049 -2607
9492 108
2767 -7012
9317 9459
7913 3705
-2408 9111
8264 -834
-7 380
8321 8561
-7110 9320
-4656 -3140
4790 -9999
-969 9298
4426 -5269
-537 9562
-3045 -7703
-1243 -6487
-3499 -3553
-7742 -8476
1581 -7830
-8719 6524
-7958 9173
-447 5897
4458 2035
1355 -5773
-2561 3700
3702 3051
2349 -7771
-3040 9085
8648 -3225
-4576 2776
2641 -8045
-5245 4181
5706 5494
7664 -2987
-6463 -6361
-7187 5297
1194 -8069
3967 -1282
-703 -7996
5705 -8326
4726 6737
5318 -4241
-5156 -2925
203 8631
1407 9844
-8200 5627
-191 -5952
5894 -3445
-80 -8133
-8142 3558
-4793 -190
1741 -5329
-258 6401
4757 -7940
-6265 5391
2128 462
6221 8461
-4464 -2553
-3922 7418
7262 5739
-2281 3837
4237 5414
-8031 3880
5747 131
-9959 -1758
8052 7605
8629 -4752
8001 -3855
-1794 -5277
-9886 2758
-6779 1941
402 -1405
6042 5794
-436 2290
-5618 8472
-1339 -6821
8593 2101
-4019 -7102
-619 6915
-4843 8080
2037 -578
4670 9561
-4294 -2982
1741 2671
-4571 264
-7795 -1792
6803 -4998
7149 -1041
7602 -803
-2331 -6935
-3756 -8016
437 6330
5580 -5162
-8247 2770
-2798 -5039
4383 -3090
-7177 9239
-7390 -4595
4428 -5119
5146 4351
8911 6209
7564 7351
-7337 5714
-5089 4713
4130 -9735
8601 -1068
-4738 -9625
-8435 -4610
8160 7194
-7845 -6682
-3420 -8286
7305 2890
8295 -597
4284 9915
4267 2723
-1067 -4218
-6866 3178
-4755 -7151
7562 -7851
-7586 156
9089 -1956
-1581 7367
-7243 -9297
7898 -3664
-346 -9083
8983 6405
-704 2586
8341 6288
6204 -2409
6667 -1022
4760 471
-9999 -8048
-5199 4246
6395 -4754
1755 8715
-3241 5161
2528 -2804
-5749 1531
7867 5285
2554 -7851
4907 -6126
2812 1537
-2174 -5797
-1854 1154
-9868 -5970
853 -8835
-6883 1244
-4509 -2794
-1195 -5730
-7015 8238
3400 -9440
-2244 -3903
3980 -4072
7566 -1641
-3139 -1801
-1575 -3528
8010 -8232
-7677 -8762
2392 -7812
-7430 469
1635 -1124
-9880 -225
6981 1104
1727 -4389
-6150 -4214
-7302 4712
7161 7250
9530 -3194
5166 -2507
5693 3448
9921 -7973
-6205 -5882
-4644 4283
6471 -3882
2939 4100
-7024 5393
-4832 -9074
2031 -6903
-1292 -7851
-5712 -9890
4822 -1090
-7488 -3014
3793 -1664
5829 8395
1843 -1041
986 -2126
1993 -1884
-7601 1133
7251 3701
-2198 5222
615 190
-2531 778
227 2135
4285 5852
5962 8936
-5802 8573
-8089 784
5472 -3289
-4894 5704
-8985 -2346
5528 6949
-4934 -1647
9486 -2479
7575 -6183
9040 3089
9632 -4623
2507 -3993
8143 -2899
-7047 -7265
8023 -1220
-6295 8915
-3949 -7779
-1068 -4384
7673 -8476
-822 4038
-2660 8688
-6606 -8942
-1420 -1242
2575 -7120
5970 -3845
-2116 1615
3975 5602
9055 -9609
9478 2118
-9102 -7992
-9077 7501
9723 -5397
219 -3026
-5150 -1345
9046 -2108
-7067 380
1439 -3614
5144 -3673
-4441 6371
8878 -5929
5687 7881
-165 -3238
-6495 -338
8132 -1110
898 -7016
-9515 9030
-6367 -1827
1500 6560
-8432 204
4449 6350
-6917 -9386
-6648 3734
6413 874
-2755 4848
8919 -8028
6206 -3877
-763 958
-9380 -3959
4932 2742
2078 5104
4134 -7818
356 2564
-4524 4119
-5676 -8144
4558 -2956
-5990 5125
-1141 3993
-5133 -2638
-7790 -4728
-6404 2112
4587 7482
-1560 9802
-4156 -6176
6567 -4587
-9483 -9224
9310 -1355
7561 1004
-4877 -334
-2126 9390
-3566 -4201
-9076 -7567
2778 445
4159 -217
1407 7646
-242 2722
204 5004
4806 -5654
-5478 8644
-9591 7002
4130 -8911
-3913 -9073
-1717 3441
-6893 -10000
9390 3406
9206 -2666
-3881 -7823
2622 -9870
-3734 8897
6543 -6867
5855 7673
2677 -7346
-3000 -3941
-8944 -6164
-9162 1522
-1036 7817
5096 4969
-1590 1403
-2245 -6621
6786 -2131
5203 -6502
-4325 2344
-1174 -8678
-9780 4649
7782 5092
-882 3115
5769 -10
2401 8147
-8017 9121
-3004 3457
-2373 9174
4143 2312
-6285 -7277
-3897 8905
-3226 -2178
1320 9241
-2063 8330
9652 6995
-2004 6763
-1792 6224
-660 -4221
5769 7326
5473 -4891
-9417 -1830
7980 3809
2983 -2421
9891 -4393
-5318 -2874
-7617 9958
-2220 -2863
-7270 -843
-6161 9101
6096 667
-2569 -6508
6068 -9555
-3776 1991
-683 -8240
-6778 8345
-7133 -8858
4951 -6195
1384 7199
9158 -2066
1412 -2373
-2415 -6159
978 3795
9305 5365
4466 3709
-9272 -6856
-7012 -3085
-2640 -5489
6502 9057
7169 -64
-5367 -7829
-6686 -9609
-5804 -2500
-5300 4617
8904 1932
9559 -9790
-5949 316
-5888 -2856
8862 1382
-8557 9769
-7087 3328
6595 8523
-6965 -7746
7663 -6045
243 9537
8061 4832
5224 4876
-7623 7727
2344 5772
-5943 -6571
-6361 1248
7917 -6384
-2887 -5957
1777 8381
8150 -4025
5655 -428
-1905 7415
9669 2251
6206 1130
-2980 7332
2165 -3550
-8674 -4919
9160 -6259
9513 -9945
-6516 1504
9105 -6430
-6461 -6524
-6129 7022
1755 652
6627 5648
-4780 -95
-2680 2282
-9115 -333
-9202 -3010
-9326 7092
9894 -5830
-4397 2839
6580 7572
3980 -5237
2619 2446
6016 3816
7292 -1924
-8550 9555
-3441 7515
3163 3205
9462 9538
-1827 4735
-9245 -3217
125 -942
-7498 7905
-7925 -2849
9991 8748
6321 -5970
-1207 2923
-4631 -3347
-9531 7764
-4159 -8614
7293 7762
5277 -6357
6849 -9795
9743 -5207
5880 6311
9446 -5732
3327 6635
4540 -4077
3075 2181
930 6615
6997 -582
-7659 -6397
256 -4210
9907 -2289
-4551 725
-5161 -7900
-4257 9094
9299 6469
7614 8944
1608 5395
9663 3494
130 -2594
-318 -658
7876 -8978
3990 9109
-1473 -4842
-1239 987
3130 868
4931 5369
-7554 3037
1489 6732
5827 -6362
-9893 3584
2529 1478
-6775 7721
-2433 -9511
-2105 9241
-1417 4049
5072 7577
3038 -7189
-2031 -938
6401 -8435
-1214 3082
-1549 -469
8920 -6283
-9550 -2750
888 -3239
-9654 2629
-5893 -2653
-8580 -773
-284 -2667
-7074 -1013
9389 3963
-2107 -2139
673 4461
9875 -9069
-7503 8642
1725 6276
-7840 1283
1352 6528
-6222 7432
-5806 -1846
-9217 4666
-7987 -5460
3767 -8757
-5072 -6567
-1227 -6517
7446 -2146
5715 -1838
8975 -4661
-7377 -7260
-8617 8850
1478 -4880
2755 -540
-4012 -10
-2577 -9541
-1386 -233
-9215 1617
2509 -4251
-6656 9151
8936 -3724
-3889 -5376
-1170 -2291
2223 9909
-8399 -9102
-6362 1198
-3600 -5776
-4304 -8627
833 4231
-9427 8451
5262 6822
-7059 -2004
5965 -9772
-7670 -6274
-7123 -1526
1102 -4326
-3349 -8186
-4125 3565
3475 5481
6379 8099
