1000
0 0 0 0 0 0 0 0 0 0 0 0 0 0 0 0 0 0 0 0 0 0 0 0 0 0 0 0 0 0 0 0 0 0 0 0 0 0 0 0 0 0 0 0 0 0 0 0 0 0 0 0 0 0 0 0 0 0 0 0 0 0 0 0 0 0 0 0 0 0 0 0 0 0 0 0 0 0 0 0 0 0 0 0 0 0 0 0 0 0 0 0 0 0 0 0 0 0 0 0 0 0 0 0 0 0 0 0 0 0 0 0 0 0 0 0 0 0 0 0 0 0 0 0 0 0 0 0 0 0 0 0 0 0 0 0 0 0 0 0 0 0 0 0 0 0 0 0 0 0 0 0 0 0 0 0 0 0 0 0 0 0 0 0 0 0 0 0 0 0 0 0 0 0 0 0 0 0 0 0 0 0 0 0 0 0 0 0 0 0 0 0 0 0 0 0 0 0 0 0 0 0 0 0 0 0 0 0 0 0 0 0 0 0 0 0 0 0 0 0 0 0 0 0 0 0 0 0 0 0 0 0 0 0 0 0 0 0 0 0 0 0 0 0 0 0 0 0 0 0 0 0 0 0 0 0 0 0 0 0 0 0 0 0 0 0 0 0 0 0 0 0 0 0 0 0 0 0 0 0 0 0 0 0 0 0 0 0 0 0 0 0 0 0 0 0 0 0 0 0 0 0 0 0 0 0 0 0 0 0 0 0 0 0 0 0 0 0 0 0 0 0 0 0 0 0 0 0 0 0 0 0 0 0 0 0 0 0 0 0 0 0 0 0 0 0 0 0 0 0 0 0 0 0 0 0 0 0 0 0 0 0 0 0 0 0 0 0 0 0 0 0 0 0 0 0 0 0 0 0 0 0 0 0 0 0 0 0 0 0 0 0 0 0 0 0 0 0 0 0 0 0 0 0 0 0 0 0 0 0 0 0 0 0 0 0 0 0 0 0 0 0 0 0 0 0 0 0 0 0 0 0 0 0 0 0 0 0 0 0 0 0 0 0 0 0 0 0 0 0 0 0 0 0 0 0 0 0 0 0 0 0 0 0 0 0 0 0 0 0 0 0 0 0 0 0 0 0 0 0 0 0 0 0 0 0 0 0 0 0 0 0 0 0 0 0 0 0 0 0 0 0 0 0 0 0 0 0 0 0 0 0 0 0 0 0 0 0 0 0 0 0 0 0 0 0 0 0 0 0 0 0 0 0 0 0 0 0 0 0 0 0 0 0 0 0 0 0 0 0 0 0 0 0 0 0 0 0 0 0 0 0 0 0 0 0 0 0 0 0 0 0 0 0 0 0 0 0 0 0 0 0 0 0 0 0 0 0 0 0 0 0 0 0 0 0 0 0 0 0 0 0 0 0 0 0 0 0 0 0 0 0 0 0 0 0 0 0 0 0 0 0 0 0 0 0 0 0 0 0 0 0 0 0 0 0 0 0 0 0 0 0 0 0 0 0 0 0 0 0 0 0 0 0 0 0 0 0 0 0 0 0 0 0 0 0 0 0 0 0 0 0 0 0 0 0 0 0 0 0 0 0 0 0 0 0 0 0 0 0 0 0 0 0 0 0 0 0 0 0 0 0 0 0 0 0 0 0 0 0 0 0 0 0 0 0 0 0 0 0 0 0 0 0 0 0 0 0 0 0 0 0 0 0 0 0 0 0 0 0 0 0 0 0 0 0 0 0 0 0 0 0 0 0 0 0 0 0 0 0 0 0 0 0 0 0 0 0 0 0 0 0 0 0 0 0 0 0 0 0 0 0 0 0 0 0 0 0 0 0 0 0 0 0 0 0 0 0 0 0 0 0 0 0 0 0 0 0 0 0 0 0 0 0 0 0 0 0 0 0 0 0 0 0 0 0 0 0 0 0 0 0 0 0 0 0 0 0 0 0 0 0 0 0 0 0 0 0 0 0 0 0 0 0 0 0 0 0 0 0 0 0 0 0 0 0 0 0 0 0 0 0 0 0 0 0 0 0 0 0 0 0 0 0 0 0 0 0 0 0 0 0 0 0 0 0 0 0 0 0 0 0 0 0 0 0 0 0 0 0 0 0 0 0 0 0 0 0 0 0 0 0 0 0 0 0 0 0 0 0 0 0 0 0 0 0 0 0 0 0 0 0 0 0 0 0 0 0 0 0 0 0 0 0 0 0 0 0 0 0 0 0 0 0 0 0 0 0 0 0 0 0 0 0 0 0 0 0 0 0 0 0 0 0 0 0 0 0 0 0 0 0 0 0 0 0 0 0 0 0
44 1
829 2
400 3
505 4
356 5
652 6
163 7
73 8
923 9
486 10
778 11
606 12
74 13
561 14
860 15
0 16
336 17
747 18
549 19
111 20
451 21
885 22
457 23
163 24
580 25
110 26
722 27
797 28
645 29
468 30
390 31
251 32
427 33
420 34
880 35
938 36
935 37
24 38
997 39
89 40
748 41
74 42
408 43
925 44
333 45
768 46
427 47
986 48
307 49
357 50
919 51
830 52
384 53
861 54
423 55
986 56
4 57
965 58
927 59
223 60
960 61
757 62
957 63
595 64
336 65
99 66
809 67
809 68
393 69
750 70
616 71
508 72
316 73
111 74
2 75
773 76
858 77
237 78
59 79
714 80
809 81
580 82
856 83
356 84
684 85
114 86
54 87
844 88
500 89
857 90
796 91
565 92
129 93
25 94
714 95
878 96
782 97
166 98
258 99
696 100
296 101
922 102
915 103
353 104
937 105
670 106
461 107
767 108
809 109
233 110
646 111
427 112
809 113
336 114
86 115
820 116
270 117
719 118
781 119
44 120
12 121
37 122
193 123
735 124
593 125
168 126
551 127
114 128
500 129
579 130
686 131
149 132
748 133
729 134
426 135
125 136
31 137
659 138
357 139
155 140
321 141
767 142
720 143
625 144
143 145
160 146
949 147
813 148
604 149
703 150
295 151
687 152
623 153
542 154
375 155
791 156
27 157
859 158
404 159
48 160
239 161
801 162
809 163
435 164
251 165
332 166
356 167
489 168
163 169
547 170
922 171
54 172
165 173
24 174
684 175
290 176
717 177
799 178
298 179
675 180
65 181
357 182
416 183
590 184
971 185
857 186
53 187
5 188
139 189
690 190
569 191
991 192
965 193
533 194
856 195
440 196
964 197
866 198
554 199
833 200
7 201
645 202
506 203
677 204
277 205
424 206
548 207
81 208
16 209
892 210
584 211
103 212
927 213
261 214
742 215
393 216
35 217
739 218
329 219
687 220
384 221
174 222
645 223
197 224
110 225
659 226
110 227
275 228
986 229
32 230
474 231
669 232
17 233
651 234
363 235
321 236
114 237
528 238
50 239
246 240
833 241
986 242
737 243
829 244
968 245
476 246
546 247
81 248
621 249
373 250
714 251
649 252
45 253
29 254
82 255
646 256
875 257
0 258
737 259
990 260
403 261
346 262
435 263
684 264
43 265
311 266
767 267
449 268
772 269
113 270
155 271
228 272
646 273
370 274
16 275
860 276
386 277
652 278
14 279
129 280
314 281
50 282
882 283
829 284
333 285
115 286
885 287
542 288
352 289
616 290
236 291
687 292
93 293
356 294
373 295
664 296
448 297
783 298
856 299
526 300
174 301
574 302
767 303
903 304
349 305
860 306
569 307
251 308
660 309
941 310
332 311
461 312
271 313
708 314
25 315
169 316
903 317
88 318
833 319
748 320
451 321
443 322
988 323
707 324
616 325
474 326
263 327
959 328
340 329
973 330
896 331
986 332
619 333
995 334
866 335
922 336
48 337
604 338
396 339
129 340
809 341
772 342
621 343
423 344
275 345
856 346
745 347
226 348
430 349
922 350
295 351
174 352
80 353
155 354
277 355
722 356
634 357
722 358
787 359
839 360
157 361
645 362
927 363
327 364
810 365
988 366
866 367
792 368
670 369
840 370
407 371
684 372
270 373
176 374
461 375
863 376
133 377
393 378
127 379
370 380
213 381
241 382
50 383
764 384
436 385
133 386
862 387
927 388
192 389
302 390
589 391
228 392
919 393
634 394
256 395
669 396
341 397
940 398
589 399
855 400
68 401
155 402
833 403
48 404
233 405
113 406
12 407
677 408
651 409
931 410
466 411
286 412
276 413
782 414
462 415
86 416
247 417
773 418
416 419
554 420
857 421
282 422
971 423
334 424
517 425
606 426
251 427
679 428
301 429
882 430
553 431
277 432
366 433
736 434
7 435
677 436
594 437
53 438
685 439
117 440
612 441
419 442
929 443
912 444
703 445
426 446
254 447
109 448
86 449
276 450
0 451
447 452
334 453
554 454
83 455
60 456
489 457
669 458
509 459
435 460
163 461
303 462
522 463
678 464
322 465
401 466
934 467
332 468
479 469
855 470
903 471
734 472
401 473
764 474
409 475
273 476
208 477
562 478
487 479
242 480
687 481
627 482
80 483
554 484
454 485
855 486
56 487
573 488
115 489
603 490
995 491
716 492
77 493
526 494
0 495
319 496
276 497
148 498
788 499
38 500
199 501
926 502
528 503
903 504
420 505
677 506
273 507
610 508
386 509
267 510
935 511
557 512
712 513
192 514
713 515
373 516
971 517
113 518
996 519
308 520
685 521
991 522
29 523
729 524
134 525
939 526
82 527
84 528
397 529
566 530
729 531
1 532
594 533
727 534
765 535
880 536
335 537
852 538
654 539
25 540
669 541
200 542
22 543
104 544
210 545
48 546
767 547
952 548
752 549
850 550
163 551
660 552
16 553
660 554
403 555
393 556
893 557
951 558
189 559
763 560
935 561
208 562
670 563
117 564
861 565
229 566
552 567
352 568
321 569
712 570
230 571
4 572
341 573
48 574
192 575
354 576
87 577
580 578
294 579
38 580
963 581
29 582
336 583
334 584
919 585
765 586
119 587
301 588
895 589
904 590
332 591
895 592
251 593
698 594
676 595
668 596
716 597
112 598
829 599
788 600
642 601
160 602
7 603
752 604
334 605
919 606
634 607
238 608
493 609
551 610
449 611
872 612
717 613
771 614
720 615
16 616
26 617
451 618
554 619
318 620
336 621
86 622
773 623
796 624
546 625
961 626
638 627
734 628
900 629
104 630
218 631
399 632
141 633
0 634
634 635
251 636
216 637
569 638
209 639
68 640
82 641
213 642
768 643
397 644
81 645
929 646
837 647
487 648
961 649
794 650
160 651
246 652
812 653
50 654
397 655
434 656
807 657
214 658
401 659
81 660
30 661
946 662
919 663
533 664
939 665
457 666
917 667
767 668
17 669
461 670
405 671
295 672
290 673
17 674
940 675
12 676
68 677
904 678
554 679
873 680
424 681
977 682
660 683
7 684
517 685
749 686
914 687
805 688
82 689
37 690
943 691
375 692
813 693
782 694
696 695
637 696
830 697
926 698
139 699
547 700
750 701
255 702
189 703
230 704
291 705
209 706
468 707
232 708
60 709
904 710
74 711
119 712
172 713
683 714
773 715
182 716
341 717
264 718
15 719
809 720
276 721
332 722
456 723
319 724
410 725
331 726
748 727
386 728
678 729
311 730
122 731
145 732
479 733
23 734
762 735
81 736
938 737
871 738
896 739
414 740
267 741
63 742
763 743
597 744
583 745
935 746
973 747
606 748
641 749
802 750
280 751
683 752
890 753
530 754
867 755
977 756
851 757
319 758
409 759
174 760
7 761
449 762
192 763
670 764
552 765
337 766
0 767
905 768
808 769
115 770
24 771
166 772
169 773
436 774
880 775
57 776
123 777
437 778
690 779
419 780
81 781
21 782
802 783
115 784
584 785
947 786
466 787
145 788
388 789
139 790
979 791
734 792
65 793
630 794
242 795
997 796
720 797
986 798
454 799
816 800
840 801
341 802
34 803
954 804
580 805
713 806
716 807
861 808
0 809
995 810
925 811
698 812
174 813
591 814
145 815
826 816
430 817
288 818
447 819
384 820
117 821
229 822
265 823
202 824
216 825
840 826
715 827
140 828
833 829
212 830
584 831
797 832
781 833
770 834
565 835
634 836
340 837
125 838
44 839
129 840
754 841
872 842
738 843
388 844
115 845
888 846
919 847
765 848
111 849
285 850
86 851
646 852
152 853
619 854
316 855
621 856
396 857
488 858
582 859
573 860
667 861
970 862
858 863
694 864
734 865
163 866
782 867
781 868
677 869
316 870
56 871
420 872
264 873
687 874
642 875
276 876
216 877
712 878
27 879
677 880
206 881
634 882
837 883
20 884
114 885
509 886
717 887
750 888
480 889
664 890
21 891
48 892
914 893
692 894
320 895
851 896
641 897
57 898
211 899
449 900
27 901
860 902
65 903
107 904
645 905
841 906
492 907
334 908
312 909
299 910
58 911
437 912
996 913
781 914
677 915
811 916
341 917
468 918
0 919
546 920
94 921
16 922
236 923
148 924
356 925
660 926
321 927
762 928
38 929
362 930
451 931
25 932
225 933
645 934
38 935
574 936
935 937
802 938
216 939
316 940
108 941
937 942
991 943
60 944
424 945
720 946
242 947
329 948
480 949
323 950
582 951
129 952
991 953
562 954
837 955
911 956
47 957
428 958
43 959
773 960
500 961
610 962
16 963
823 964
955 965
92 966
393 967
837 968
929 969
502 970
837 971
692 972
7 973
221 974
541 975
575 976
963 977
354 978
953 979
148 980
416 981
798 982
692 983
331 984
533 985
809 986
267 987
303 988
920 989
526 990
321 991
897 992
333 993
810 994
434 995
736 996
556 997
913 998
174 999
