500 500
36 224 26
147 340 36
314 151 13
414 318 94
71 85 3
36 213 75
265 101 54
216 87 13
206 92 3
105 166 88
260 198 40
165 133 93
196 162 86
383 49 28
61 100 62
385 51 69
468 233 9
86 271 53
442 109 76
84 29 77
131 67 52
484 206 10
137 41 41
190 384 88
442 492 22
175 260 42
402 245 9
28 226 92
310 201 90
415 232 79
32 94 9
377 112 89
24 314 15
52 422 95
190 386 34
193 489 50
154 306 85
367 201 98
275 358 85
23 149 91
122 173 78
90 77 72
223 415 62
357 327 33
101 292 1
12 420 58
69 338 22
112 469 18
306 450 26
307 86 99
41 279 43
401 213 16
163 331 66
58 313 45
45 452 14
196 137 76
358 206 56
488 76 78
304 114 23
314 412 22
123 90 12
239 142 17
266 67 78
496 41 78
319 374 56
253 132 76
61 385 39
270 176 48
283 243 11
195 494 25
435 190 77
296 446 10
177 370 99
144 37 56
203 122 30
24 9 27
405 187 35
243 71 82
314 18 1
358 367 50
47 84 0
321 19 44
40 58 55
283 123 52
316 174 23
454 361 50
385 137 49
283 123 74
275 220 74
86 148 25
116 100 74
276 163 32
61 438 0
455 154 55
124 499 26
16 468 27
118 399 98
450 377 85
8 453 91
31 389 49
223 353 76
267 234 50
175 251 32
322 413 15
290 291 88
203 253 77
358 177 30
123 56 85
381 300 2
449 359 20
354 369 63
104 68 47
211 143 94
98 452 40
50 322 63
127 146 28
66 225 93
30 319 23
346 409 26
451 24 67
486 285 79
483 192 57
223 55 87
228 266 32
454 89 79
0 455 68
50 111 17
69 8 54
195 64 1
175 44 62
12 395 87
319 307 97
455 30 40
110 92 79
36 265 10
221 320 66
271 365 91
236 9 99
196 491 70
100 486 83
170 327 76
435 401 44
154 106 78
336 224 28
275 117 21
134 97 93
169 30 90
24 116 33
127 432 46
377 221 60
166 126 10
317 6 70
124 215 5
435 137 74
450 127 19
286 423 11
383 390 56
276 407 71
77 12 12
314 101 68
125 64 81
31 371 61
267 374 15
124 326 92
90 189 62
271 288 65
274 420 0
484 213 8
169 296 71
218 137 0
271 377 95
432 183 19
90 331 86
243 213 16
248 420 8
241 131 87
267 147 51
53 278 0
154 401 8
385 451 24
325 430 90
223 268 79
94 181 26
287 19 89
123 321 23
36 189 14
287 385 19
279 390 60
214 78 21
463 99 48
59 384 58
0 455 49
213 220 84
416 10 27
160 205 76
155 6 36
123 243 8
139 443 98
183 103 37
349 249 73
123 169 31
491 387 75
168 83 22
346 218 68
88 494 7
82 43 81
397 196 73
355 371 47
135 81 25
4 55 74
153 195 63
367 366 91
385 32 81
319 451 25
454 381 82
402 343 67
243 80 50
498 113 67
13 475 34
170 435 69
317 14 86
434 22 63
37 231 45
279 257 67
145 173 46
484 36 76
63 232 70
307 279 87
401 204 26
426 142 15
307 382 68
239 1 50
231 55 5
181 338 21
243 464 89
86 376 89
9 138 54
155 448 45
283 123 10
180 192 10
333 121 78
441 405 75
243 77 60
166 58 31
264 338 52
288 105 37
16 105 81
33 96 42
75 408 48
461 425 33
321 311 70
218 469 61
30 496 63
28 187 74
215 132 74
496 219 49
71 36 7
304 185 98
125 188 76
90 271 94
71 170 20
56 243 21
336 139 38
116 367 20
196 460 17
201 4 52
287 490 21
490 457 84
221 223 96
436 117 71
428 173 38
93 464 38
337 220 50
183 150 88
196 441 76
103 4 2
287 90 32
275 415 24
202 226 85
61 385 11
165 407 87
366 91 65
341 493 81
168 131 82
481 406 78
160 2 92
189 177 25
344 258 8
299 179 68
238 424 68
30 450 5
385 180 56
192 448 77
310 306 83
283 123 14
107 383 36
250 331 16
137 13 30
367 107 76
481 467 48
196 220 37
203 25 81
400 274 2
315 295 68
183 97 88
163 156 32
480 155 60
475 404 24
0 237 37
225 178 89
271 61 74
100 481 47
27 398 95
180 132 84
32 421 70
223 337 9
265 67 24
104 34 47
385 288 60
1 249 40
182 398 8
383 95 80
145 361 39
61 43 1
497 68 83
287 89 77
346 117 9
275 259 29
213 202 88
485 76 21
287 442 50
150 89 96
320 73 28
384 434 18
113 379 6
267 491 53
16 323 44
218 169 88
373 368 57
148 11 5
376 492 21
90 376 59
241 62 10
202 8 7
490 164 42
434 27 41
491 53 96
317 97 86
107 41 93
377 124 81
213 335 19
213 377 83
56 92 53
154 417 84
135 430 69
129 277 24
403 233 83
88 302 45
263 208 40
60 143 28
307 15 71
118 131 43
287 246 42
381 429 22
84 403 46
190 298 0
381 130 73
155 104 31
265 52 51
154 397 22
230 215 35
242 482 22
412 182 49
466 163 68
347 194 80
71 170 35
141 281 79
202 264 37
111 353 8
321 113 54
213 118 21
358 499 17
279 42 69
129 184 33
435 402 94
337 110 19
486 391 0
137 279 29
62 148 14
448 413 43
196 41 76
67 437 49
293 308 27
382 492 69
23 378 56
279 398 57
342 245 17
40 286 17
24 386 38
271 32 7
466 494 0
486 345 22
221 495 77
336 343 39
319 223 40
488 445 70
415 290 26
246 413 98
423 3 58
435 484 3
220 292 29
451 268 88
65 251 90
196 399 8
114 414 8
455 283 16
415 16 92
71 483 56
453 348 71
339 157 18
30 285 64
428 372 40
246 237 8
169 326 2
213 287 97
325 171 93
369 437 50
456 308 88
119 334 97
181 140 62
163 382 98
56 82 2
421 413 16
243 220 57
196 401 2
189 346 16
173 8 26
435 287 58
177 365 98
125 274 1
61 365 83
139 282 71
36 154 70
264 248 74
386 337 38
412 388 99
488 248 22
481 311 46
118 97 37
218 483 55
113 200 82
496 394 1
130 443 5
163 378 13
62 413 75
275 253 98
136 68 22
170 377 45
88 114 88
484 213 16
133 198 39
391 112 51
223 107 68
362 40 61
499 395 24
403 182 63
391 144 11
144 84 40
347 259 17
171 251 55
0 298 33
203 428 5
442 281 20
275 452 14
154 213 47
361 347 14
436 207 40
39 2 3
381 231 86
483 286 51
36 69 49
370 70 90
277 184 72
401 189 65
288 202 73
107 190 34
223 275 60
0 455 37
165 114 27
470 138 78
116 118 9
285 232 13
144 412 15
346 61 31
193 203 62
37 310 82
386 382 22
304 344 18
296 468 95
204 263 51
