300 500
47 249 52
160 63 96
81 180 31
26 188 99
264 19 81
33 244 50
237 180 65
66 222 77
125 56 97
38 68 85
233 182 58
298 112 56
16 68 95
298 223 8
7 298 5
111 161 45
264 112 61
197 251 10
224 186 5
174 102 11
114 253 7
293 119 50
94 50 83
151 269 7
209 12 99
90 162 25
5 80 95
51 164 47
220 217 83
169 18 32
75 252 13
28 218 6
298 79 38
0 211 58
182 158 29
137 201 36
1 23 5
261 265 36
33 229 43
48 12 13
294 279 85
101 3 36
293 272 9
251 231 9
293 80 93
206 12 82
114 259 85
248 168 37
16 51 54
25 252 35
246 286 90
237 131 3
214 175 68
90 277 93
234 201 23
132 263 11
12 174 2
26 255 82
8 267 66
68 86 14
290 110 78
76 16 17
130 253 37
56 43 54
224 273 67
169 92 90
25 26 47
115 273 50
130 61 21
116 129 94
226 23 77
227 169 97
254 213 32
38 214 79
0 76 54
114 160 41
116 171 53
182 140 36
141 178 37
293 87 54
227 277 64
59 138 77
240 94 6
298 72 68
7 172 78
152 181 99
224 86 52
271 123 38
229 22 14
149 43 95
150 24 64
128 153 30
88 213 41
237 109 20
81 130 79
109 285 19
227 7 99
75 182 58
11 37 77
60 194 45
229 67 76
7 247 3
122 112 90
221 284 6
56 262 38
123 132 9
22 140 78
188 94 79
0 163 73
24 213 97
251 89 88
169 104 93
298 160 4
76 81 55
25 61 92
1 199 52
51 225 96
160 58 63
175 239 34
220 113 31
92 220 45
127 279 77
126 79 22
189 110 63
0 114 98
26 102 69
247 273 44
243 27 37
261 104 32
33 62 53
169 9 75
243 284 73
102 221 31
41 222 10
26 52 49
163 209 50
8 194 36
163 150 54
286 84 79
0 272 91
59 159 64
227 205 18
102 207 69
242 50 45
209 94 38
90 156 37
254 22 41
81 42 83
113 125 66
124 234 66
7 288 2
209 42 3
135 265 69
113 2 91
182 165 1
79 290 87
156 8 24
286 20 72
25 5 48
7 96 67
34 83 91
298 211 39
197 156 0
227 211 44
264 39 40
166 78 24
208 299 51
93 257 96
219 293 22
86 169 97
166 209 90
189 55 70
104 83 50
193 203 42
12 140 48
0 98 32
104 18 24
18 146 45
218 66 40
163 91 42
22 275 14
66 238 40
281 108 23
82 137 66
83 130 4
130 53 97
68 131 66
264 297 43
104 18 88
109 234 15
180 2 54
118 121 97
62 248 15
227 10 47
104 126 3
42 139 47
227 17 24
9 49 30
61 40 9
135 44 70
214 156 89
92 220 14
80 191 67
186 227 51
172 73 2
125 89 33
79 257 61
112 52 79
107 288 12
97 169 58
148 108 76
18 153 93
17 39 62
177 50 64
246 37 26
186 108 3
216 39 70
38 11 93
12 47 78
8 268 66
158 2 44
254 94 95
255 172 10
89 292 86
113 237 50
179 29 35
229 110 70
240 135 9
34 2 31
132 137 18
62 148 62
16 186 61
151 21 15
18 26 87
32 213 18
172 250 42
174 281 27
91 203 20
246 257 96
285 54 85
116 218 15
28 245 98
34 211 24
24 130 96
104 188 50
208 96 87
243 29 82
57 105 88
92 44 87
34 81 46
186 100 6
247 166 41
28 146 52
116 101 56
61 156 11
273 36 20
119 31 10
281 266 90
34 150 99
67 85 31
6 30 53
76 159 9
0 220 48
143 101 86
16 97 53
163 114 91
80 22 77
246 292 9
122 32 45
93 72 62
86 25 13
83 72 19
171 109 26
197 89 19
98 215 5
125 155 90
126 17 24
206 55 89
132 228 93
81 16 32
155 210 34
154 260 28
104 12 74
5 276 12
251 70 5
130 15 34
58 287 25
125 223 61
209 145 42
219 183 52
269 40 25
95 267 58
218 250 92
274 238 27
243 118 53
114 68 8
114 83 74
270 253 19
126 206 29
18 91 32
257 165 37
81 16 60
270 233 35
16 82 88
43 258 51
169 209 43
186 175 78
59 138 45
195 155 12
116 205 79
130 15 81
38 229 6
166 11 53
173 40 48
126 201 94
122 101 11
76 81 28
292 154 54
81 223 5
4 185 43
224 186 31
242 204 33
86 139 5
179 142 0
0 76 18
177 43 94
62 55 36
261 197 41
16 247 48
48 84 47
163 18 54
48 101 42
14 266 29
223 239 87
26 29 97
182 144 90
285 184 92
0 216 25
92 91 12
76 139 94
293 170 72
113 194 51
239 41 66
0 81 45
24 224 79
186 240 82
15 253 45
78 164 58
107 173 7
10 61 26
153 187 82
163 228 19
269 201 82
163 24 30
224 179 12
101 187 3
199 241 74
97 224 46
217 134 89
141 145 18
32 176 76
6 286 24
163 298 81
6 118 89
223 185 72
151 284 81
24 116 19
69 285 95
83 141 22
114 271 67
261 206 61
42 177 61
253 226 2
174 248 77
278 283 57
226 117 86
126 88 42
149 111 57
257 82 26
66 9 46
122 112 90
256 165 53
81 282 54
60 142 13
170 287 38
83 298 43
98 40 18
188 62 79
76 34 29
174 59 57
160 297 30
280 262 74
154 263 67
83 12 26
111 291 9
7 116 22
244 45 92
186 114 1
125 210 64
16 114 35
261 106 93
14 295 91
18 168 69
111 196 37
246 122 72
266 121 29
22 275 48
38 141 31
16 242 64
81 8 90
186 217 95
0 212 27
178 153 65
219 71 64
135 56 79
247 291 34
247 38 96
282 212 10
242 108 21
97 163 35
186 115 11
106 104 82
81 68 48
97 7 14
30 71 72
66 119 44
137 291 29
243 102 34
216 156 86
28 245 29
242 5 9
254 281 33
27 95 97
103 73 13
114 38 60
213 239 21
135 156 95
81 86 62
114 247 15
147 8 67
160 174 6
182 221 65
166 38 25
24 154 50
136 85 85
166 298 68
186 218 94
116 114 89
34 16 27
114 147 49
158 283 53
0 150 79
191 144 91
220 125 19
150 24 3
162 294 43
106 228 75
186 166 62
173 63 65
227 261 32
125 261 7
31 295 39
163 150 87
60 294 48
11 212 6
160 101 6
197 26 9
208 252 7
125 261 37
263 283 7
16 97 5
103 228 50
166 144 67
150 214 70
254 44 74
42 264 47
113 243 67
48 62 86
81 68 53
219 179 34
128 269 69
227 75 73
271 14 53
104 195 0
139 101 69
113 248 34
0 299 52
208 137 93
10 26 58
5 198 66
98 93 72
195 135 45
295 110 82
104 155 25
130 209 39
198 6 43
280 23 29
255 200 16
94 226 79
18 219 75
