97
17 10
47 93
85 14
60 80
4 20
55 21
35 31
2 3
9 37
6 2
87 23
8 15
2 14
94 29
73 8
31 23
9 23
45 69
22 27
58 3
48 88
79 81
40 9
4 49
3 48
44 46
44 12
29 4
72 39
95 43
26 53
24 11
13 90
66 74
76 4
50 41
17 63
65 28
84 34
97 14
86 63
61 22
4 52
14 39
19 30
5 75
28 9
60 35
43 39
64 67
7 4
21 33
71 21
41 1
11 6
36 4
25 3
57 56
64 2
22 16
38 19
13 66
28 42
2 13
45 33
2 4
64 79
2 83
26 70
20 47
39 56
34 62
92 26
10 3
8 82
3 5
9 89
1 2
1 77
3 18
32 29
16 13
78 32
8 2
19 7
34 11
9 1
68 22
59 3
21 19
86 91
54 5
2 12
26 9
19 51
86 96
