84
61 73 8
43 72 22
58 41 83
51 3 98
36 82 50
11 56 73
17 28 74
12 60 1
24 35 24
52 81 2
53 9 63
29 50 35
1 19 45
19 48 92
25 16 9
31 8 78
2 39 60
18 13 72
35 1 9
34 33 43
44 62 23
60 53 12
68 43 63
80 66 42
22 20 76
38 7 3
68 35 43
44 14 9
16 64 80
35 27 7
33 52 27
31 26 19
56 40 1
83 56 26
72 3 38
53 28 66
30 5 20
6 61 44
61 30 10
63 78 49
15 68 95
1 25 27
59 13 66
78 68 71
82 1 39
79 31 68
48 69 17
20 31 66
67 7 67
26 1 62
72 56 98
52 72 32
7 55 90
25 10 17
14 76 48
60 32 84
18 9 71
23 9 8
26 73 46
45 82 58
42 5 51
63 74 98
71 78 35
57 19 5
47 53 8
77 80 67
65 66 55
81 0 9
44 1 90
37 29 31
70 64 19
43 75 48
49 12 80
78 77 64
58 7 37
35 28 69
20 21 2
37 71 31
2 62 14
44 4 70
25 58 100
62 46 3
54 83 94
