96
0 301
1 679
1 234
0 432
4 136
0 148
3 905
6 83
3 674
6 640
9 828
0 571
9 921
12 779
6 965
14 343
1 32
9 674
2 550
4 725
8 82
1 680
8 494
2 416
18 121
8 892
2 380
22 859
2 491
28 35
21 932
17 424
14 399
27 228
19 202
23 984
20 527
34 973
12 777
27 891
11 442
39 196
14 948
13 825
7 395
34 245
2 588
43 640
7 117
18 637
26 522
31 953
36 635
22 772
10 664
21 660
34 147
42 630
38 261
33 236
58 665
9 332
43 500
10 590
20 542
51 286
16 198
2 815
21 867
7 594
17 951
28 340
22 460
58 247
71 775
6 78
45 314
50 394
32 83
22 781
60 561
55 39
40 360
52 293
78 494
19 813
69 843
23 596
53 120
72 725
58 325
65 684
78 914
83 155
15 412
