96
875 652 1 540 401 414 846 192 569 743 377 731 978 390 9 312 1 464 863 962 207 656 604 551 744 269 828 26 723 802 758 950 805 110 489 205 523 687 748 92 429 476 174 407 866 182 70 218 645 933 532 203 940 487 754 684 755 933 61 830 734 819 779 539 280 619 95 803 305 195 246 734 670 419 492 887 600 913 105 596 845 988 150 137 474 255 820 229 187 880 58 921 50 188 811 330
49 50
88 22
16 65
62 51
49 15
33 28
39 43
96 18
89 64
31 1
17 7
1 10
70 7
86 83
81 22
2 11
1 4
38 85
61 90
1 2
56 55
79 57
69 95
83 2
38 48
7 2
47 1
3 5
21 66
75 64
14 7
19 8
47 61
65 76
37 22
8 22
41 58
41 82
5 12
14 64
87 94
26 23
45 38
72 2
32 1
52 43
44 55
73 5
8 21
57 39
11 44
33 41
78 52
38 18
24 3
10 60
46 41
84 38
51 46
4 15
29 92
34 2
39 93
13 7
59 67
27 16
35 40
18 14
3 30
29 68
15 35
5 87
1 8
9 29
37 69
28 53
19 80
54 16
2 6
22 63
59 19
71 6
91 52
16 9
20 18
39 36
47 77
3 2
20 28
23 7
35 42
25 23
36 8
23 74
9 7
